0.901563 0.161914 -0.187484 0.354708
0.897678 0.175712 -0.176664 0.363441
0.892213 0.189590 -0.168275 0.373757
0.885532 0.203582 -0.162202 0.384809
0.877905 0.217745 -0.158269 0.396005
0.869548 0.232136 -0.156292 0.406906
0.860641 0.246803 -0.156081 0.417162
0.851347 0.261786 -0.157421 0.426491
0.841811 0.277109 -0.160071 0.434675
0.832157 0.292779 -0.163759 0.441563
0.822485 0.308782 -0.168198 0.447081
0.812862 0.325090 -0.173103 0.451230
0.803322 0.341664 -0.178209 0.454071
0.793875 0.358463 -0.183282 0.455714
0.784505 0.375443 -0.188125 0.456292
0.775187 0.392566 -0.192571 0.455953
0.765883 0.409796 -0.196479 0.454847
0.756553 0.427099 -0.199723 0.453127
0.747153 0.444441 -0.202189 0.450949
0.737635 0.461783 -0.203764 0.448478
0.727946 0.479076 -0.204336 0.445901
0.718022 0.496254 -0.203800 0.443443
0.707781 0.513216 -0.202071 0.441388
0.697109 0.529814 -0.199121 0.440099
0.685856 0.545828 -0.195049 0.440034
0.673836 0.560942 -0.190184 0.441723
0.660868 0.574760 -0.185211 0.445648
0.646883 0.586887 -0.181173 0.451975
0.632028 0.597130 -0.179169 0.460299
0.616617 0.605633 -0.179876 0.469720
0.600972 0.612794 -0.183368 0.479262
0.585316 0.619059 -0.189319 0.488189
0.569773 0.624795 -0.197267 0.496060
0.554403 0.630261 -0.206760 0.502652
0.539228 0.635631 -0.217404 0.507880
0.524249 0.641011 -0.228873 0.511747
0.509456 0.646457 -0.240906 0.514307
0.494831 0.651995 -0.253297 0.515641
0.480351 0.657622 -0.265887 0.515850
0.465993 0.663319 -0.278562 0.515036
0.451734 0.669056 -0.291239 0.513302
0.437557 0.674792 -0.303870 0.510747
0.423446 0.680480 -0.316426 0.507459
0.409393 0.686069 -0.328904 0.503516
0.395396 0.691505 -0.341313 0.498987
0.381462 0.696732 -0.353678 0.493926
0.367610 0.701692 -0.366034 0.488375
0.353867 0.706328 -0.378422 0.482364
0.340274 0.710584 -0.390889 0.475908
0.326888 0.714406 -0.403482 0.469010
0.313779 0.717746 -0.416243 0.461655
0.301032 0.720563 -0.429208 0.453817
0.288747 0.722832 -0.442394 0.445452
0.277029 0.724546 -0.455796 0.436506
0.265986 0.725725 -0.469381 0.426914
0.255712 0.726416 -0.483081 0.416610
0.246277 0.726695 -0.496794 0.405533
0.237710 0.726661 -0.510397 0.393640
0.229998 0.726419 -0.523755 0.380916
0.223082 0.726072 -0.536740 0.367375
0.216875 0.725701 -0.549245 0.353063
0.211267 0.725361 -0.561197 0.338047
0.206148 0.725076 -0.572557 0.322408
0.201412 0.724843 -0.583317 0.306231
0.196967 0.724638 -0.593495 0.289601
0.192735 0.724416 -0.603130 0.272596
0.188653 0.724124 -0.612276 0.255288
0.184669 0.723696 -0.620999 0.237742
0.180740 0.723060 -0.629371 0.220021
0.176827 0.722135 -0.637475 0.202184
0.172894 0.720836 -0.645398 0.184294
0.168900 0.719069 -0.653236 0.166421
0.164792 0.716732 -0.661092 0.148647
0.160503 0.713720 -0.669076 0.131076
0.155935 0.709922 -0.677299 0.113843
0.150947 0.705239 -0.685871 0.097122
0.145345 0.699597 -0.694877 0.081139
0.138866 0.692983 -0.704353 0.066166
0.131193 0.685484 -0.714243 0.052503
0.122000 0.677331 -0.724365 0.040417
0.111042 0.668889 -0.734407 0.030061
0.098244 0.660580 -0.743991 0.021414
0.083729 0.652776 -0.752774 0.014290
0.067757 0.645709 -0.760525 0.008419
0.050638 0.639466 -0.767142 0.003533
0.032664 0.634021 -0.772626 -0.000587
0.014075 0.629280 -0.777040 -0.004096
-0.004944 0.625118 -0.780482 -0.007096
-0.024254 0.621396 -0.783062 -0.009650
-0.043755 0.617974 -0.784892 -0.011795
-0.063372 0.614715 -0.786083 -0.013551
-0.083049 0.611487 -0.786743 -0.014931
-0.102743 0.608164 -0.786973 -0.015943
-0.122416 0.604624 -0.786872 -0.016598
-0.142032 0.600756 -0.786532 -0.016911
-0.161557 0.596455 -0.786038 -0.016905
-0.180955 0.591628 -0.785465 -0.016611
-0.200187 0.586203 -0.784878 -0.016069
-0.219217 0.580123 -0.784325 -0.015327
-0.238009 0.573358 -0.783839 -0.014438
-0.256535 0.565902 -0.783431 -0.013454
-0.274774 0.557769 -0.783095 -0.012426
-0.292715 0.548997 -0.782809 -0.011394
-0.310357 0.539636 -0.782537 -0.010388
-0.327709 0.529743 -0.782234 -0.009422
-0.344786 0.519383 -0.781852 -0.008498
-0.361608 0.508615 -0.781340 -0.007602
-0.378194 0.497497 -0.780655 -0.006706
-0.394561 0.486078 -0.779754 -0.005769
-0.410724 0.474399 -0.778607 -0.004742
-0.426686 0.462491 -0.777193 -0.003561
-0.442443 0.450372 -0.775503 -0.002156
-0.457976 0.438046 -0.773546 -0.000444
-0.473248 0.425498 -0.771353 0.001666
-0.488196 0.412687 -0.768984 0.004274
-0.502716 0.399541 -0.766543 0.007488
-0.516642 0.385938 -0.764201 0.011415
-0.529708 0.371695 -0.762228 0.016139
-0.541492 0.356571 -0.761035 0.021664
-0.551398 0.340335 -0.761157 0.027787
-0.558830 0.322962 -0.763053 0.033978
-0.563636 0.304747 -0.766735 0.039520
-0.566284 0.286085 -0.771718 0.043925
-0.567482 0.267216 -0.777394 0.047094
-0.567809 0.248226 -0.783301 0.049152
-0.567635 0.229136 -0.789150 0.050285
-0.567177 0.209953 -0.794772 0.050669
-0.566552 0.190680 -0.800071 0.050451
-0.565820 0.171324 -0.804997 0.049754
-0.565007 0.151890 -0.809523 0.048677
-0.564117 0.132387 -0.813639 0.047303
-0.563143 0.112824 -0.817344 0.045699
-0.562072 0.093208 -0.820645 0.043924
-0.560883 0.073547 -0.823550 0.042025
-0.559557 0.053851 -0.826070 0.040045
-0.558072 0.034126 -0.828218 0.038021
-0.556404 0.014381 -0.830008 0.035983
-0.554530 -0.005375 -0.831453 0.033959
-0.552428 -0.025133 -0.832568 0.031975
-0.550075 -0.044884 -0.833367 0.030050
-0.547450 -0.064618 -0.833863 0.028205
-0.544532 -0.084325 -0.834071 0.026455
-0.541306 -0.103994 -0.834001 0.024813
-0.537754 -0.123614 -0.833665 0.023294
-0.533866 -0.143174 -0.833072 0.021905
-0.529635 -0.162663 -0.832227 0.020658
-0.525057 -0.182070 -0.831133 0.019561
-0.520137 -0.201385 -0.829792 0.018623
-0.514882 -0.220601 -0.828198 0.017855
-0.509307 -0.239709 -0.826346 0.017269
-0.503430 -0.258704 -0.824224 0.016880
-0.497275 -0.277579 -0.821820 0.016706
-0.490871 -0.296332 -0.819117 0.016770
-0.484247 -0.314956 -0.816097 0.017099
-0.477438 -0.333449 -0.812742 0.017725
-0.470479 -0.351803 -0.809033 0.018686
-0.463405 -0.370009 -0.804952 0.020024
-0.456251 -0.388056 -0.800483 0.021789
-0.449048 -0.405926 -0.795614 0.024035
-0.441820 -0.423594 -0.790344 0.026823
-0.434579 -0.441026 -0.784680 0.030224
-0.427313 -0.458174 -0.778654 0.034319
-0.419969 -0.474970 -0.772329 0.039206
-0.412417 -0.491308 -0.765834 0.045014
-0.404384 -0.507003 -0.759424 0.051930
-0.395286 -0.521642 -0.753664 0.060240
-0.383944 -0.534058 -0.749955 0.070265
-0.369155 -0.541182 -0.751165 0.081229
-0.352757 -0.541212 -0.757975 0.090142
-0.336695 -0.537169 -0.767356 0.096177
-0.320959 -0.531430 -0.777520 0.100147
-0.305281 -0.524976 -0.787826 0.102637
-0.289497 -0.518239 -0.798003 0.103973
-0.273521 -0.511438 -0.807916 0.104352
-0.257312 -0.504693 -0.817483 0.103908
-0.240857 -0.498077 -0.826651 0.102743
-0.224159 -0.491627 -0.835384 0.100939
-0.207228 -0.485365 -0.843659 0.098571
-0.190080 -0.479297 -0.851460 0.095704
-0.172733 -0.473419 -0.858778 0.092398
-0.155205 -0.467721 -0.865609 0.088709
-0.137515 -0.462185 -0.871953 0.084691
-0.119681 -0.456790 -0.877813 0.080393
-0.101720 -0.451513 -0.883196 0.075860
-0.083647 -0.446326 -0.888108 0.071136
-0.065477 -0.441202 -0.892560 0.066263
-0.047223 -0.436112 -0.896561 0.061277
-0.028898 -0.431026 -0.900123 0.056215
-0.010513 -0.425915 -0.903257 0.051111
0.007919 -0.420748 -0.905976 0.046000
0.026390 -0.415496 -0.908291 0.040912
0.044887 -0.410128 -0.910216 0.035881
0.063401 -0.404614 -0.911763 0.030938
0.081918 -0.398919 -0.912946 0.026116
0.100427 -0.393008 -0.913783 0.021450
0.118912 -0.386843 -0.914289 0.016975
0.137353 -0.380376 -0.914487 0.012727
0.155727 -0.373554 -0.914402 0.008748
0.173999 -0.366309 -0.914066 0.005076
0.192125 -0.358560 -0.913520 0.001752
0.210042 -0.350204 -0.912819 -0.001186
0.227658 -0.341116 -0.912030 -0.003708
0.244848 -0.331146 -0.911240 -0.005800
0.261438 -0.320132 -0.910554 -0.007480
0.277212 -0.307926 -0.910087 -0.008811
0.291926 -0.294437 -0.909938 -0.009915
0.305372 -0.279681 -0.910168 -0.010970
0.317439 -0.263796 -0.910767 -0.012170
0.328149 -0.247003 -0.911658 -0.013685
0.337634 -0.229540 -0.912727 -0.015625
0.346080 -0.211610 -0.913851 -0.018038
0.353675 -0.193368 -0.914923 -0.020924
0.360583 -0.174922 -0.915857 -0.024255
0.366936 -0.156344 -0.916587 -0.027988
0.372835 -0.137683 -0.917065 -0.032072
0.378359 -0.118969 -0.917258 -0.036460
0.383564 -0.100226 -0.917139 -0.041101
0.388493 -0.081465 -0.916692 -0.045950
0.393179 -0.062696 -0.915905 -0.050965
0.397644 -0.043925 -0.914769 -0.056103
0.401905 -0.025155 -0.913279 -0.061327
0.405974 -0.006387 -0.911432 -0.066599
0.409855 0.012378 -0.909230 -0.071883
0.413552 0.031143 -0.906672 -0.077144
0.417063 0.049908 -0.903763 -0.082346
0.420380 0.068678 -0.900509 -0.087454
0.423492 0.087456 -0.896918 -0.092433
0.426383 0.106248 -0.893002 -0.097245
0.429028 0.125060 -0.888775 -0.101853
0.431394 0.143899 -0.884257 -0.106219
0.433439 0.162772 -0.879471 -0.110304
0.435110 0.181686 -0.874447 -0.114071
0.436339 0.200647 -0.869222 -0.117484
0.437049 0.219655 -0.863839 -0.120513
0.437148 0.238705 -0.858347 -0.123136
0.436541 0.257781 -0.852801 -0.125346
0.435134 0.276858 -0.847254 -0.127155
0.432851 0.295894 -0.841754 -0.128595
0.429644 0.314841 -0.836333 -0.129723
0.425506 0.333645 -0.831003 -0.130611
0.420475 0.352259 -0.825750 -0.131345
0.414631 0.370648 -0.820533 -0.132008
0.408087 0.388792 -0.815293 -0.132675
0.400973 0.406690 -0.809954 -0.133409
0.393432 0.424351 -0.804434 -0.134252
0.385607 0.441795 -0.798646 -0.135235
0.377639 0.459044 -0.792508 -0.136375
0.369664 0.476119 -0.785941 -0.137680
0.361811 0.493036 -0.778874 -0.139155
0.354207 0.509802 -0.771240 -0.140809
0.346970 0.526416 -0.762985 -0.142659
0.340215 0.542859 -0.754063 -0.144732
0.334044 0.559099 -0.744440 -0.147078
0.328543 0.575085 -0.734103 -0.149764
0.323772 0.590753 -0.723058 -0.152873
0.319754 0.606025 -0.711338 -0.156495
0.316465 0.620824 -0.698998 -0.160712
0.313839 0.635086 -0.686117 -0.165576
0.311773 0.648766 -0.672775 -0.171097
0.310145 0.661850 -0.659052 -0.177241
0.308834 0.674353 -0.645011 -0.183930
0.307731 0.686310 -0.630695 -0.191059
0.306747 0.697775 -0.616128 -0.198499
0.305808 0.708811 -0.601319 -0.206115
0.304853 0.719487 -0.586266 -0.213765
0.303831 0.729873 -0.570961 -0.221303
0.302688 0.740042 -0.555397 -0.228586
0.301367 0.750062 -0.539573 -0.235471
0.299799 0.759996 -0.523496 -0.241823
0.297907 0.769898 -0.507191 -0.247519
0.295603 0.779808 -0.490698 -0.252458
0.292793 0.789746 -0.474074 -0.256569
0.289388 0.799713 -0.457389 -0.259825
0.285307 0.809686 -0.440719 -0.262249
0.280490 0.819627 -0.424132 -0.263910
0.274903 0.829481 -0.407683 -0.264921
0.268538 0.839189 -0.391406 -0.265424
0.261416 0.848688 -0.375314 -0.265576
0.253576 0.857919 -0.359400 -0.265529
0.245077 0.866830 -0.343642 -0.265430
0.235988 0.875374 -0.328011 -0.265404
0.226386 0.883512 -0.312469 -0.265555
0.216354 0.891210 -0.296981 -0.265966
0.205976 0.898442 -0.281508 -0.266699
0.195337 0.905188 -0.266014 -0.267796
0.184523 0.911432 -0.250463 -0.269277
0.173616 0.917166 -0.234823 -0.271149
0.162697 0.922386 -0.219061 -0.273397
0.151842 0.927094 -0.203148 -0.275993
0.141121 0.931298 -0.187055 -0.278890
0.130597 0.935012 -0.170758 -0.282027
0.120324 0.938255 -0.154236 -0.285327
0.110342 0.941051 -0.137469 -0.288704
0.100685 0.943428 -0.120446 -0.292061
0.091371 0.945416 -0.103160 -0.295295
0.082408 0.947045 -0.085612 -0.298303
0.073796 0.948348 -0.067810 -0.300985
0.065526 0.949352 -0.049770 -0.303248
0.057587 0.950086 -0.031513 -0.305005
0.049960 0.950572 -0.013070 -0.306181
0.042629 0.950832 0.005527 -0.306710
0.035575 0.950885 0.024240 -0.306536
0.028781 0.950748 0.043026 -0.305612
0.022229 0.950435 0.061840 -0.303899
0.015902 0.949960 0.080635 -0.301365
0.009783 0.949334 0.099362 -0.297987
0.003855 0.948567 0.117969 -0.293749
-0.001902 0.947667 0.136407 -0.288647
-0.007504 0.946639 0.154626 -0.282683
-0.012969 0.945485 0.172580 -0.275872
-0.018313 0.944206 0.190229 -0.268240
-0.023548 0.942798 0.207539 -0.259819
-0.028684 0.941255 0.224482 -0.250648
-0.033725 0.939570 0.241039 -0.240771
-0.038672 0.937736 0.257195 -0.230230
-0.043519 0.935745 0.272941 -0.219069
-0.048257 0.933588 0.288270 -0.207327
-0.052873 0.931262 0.303177 -0.195039
-0.057350 0.928760 0.317657 -0.182234
-0.061668 0.926083 0.331705 -0.168937
-0.065806 0.923230 0.345311 -0.155168
-0.069742 0.920204 0.358463 -0.140943
-0.073450 0.917012 0.371145 -0.126274
-0.076905 0.913663 0.383336 -0.111169
-0.080082 0.910169 0.395011 -0.095633
-0.082954 0.906546 0.406135 -0.079670
-0.085495 0.902815 0.416667 -0.063280
-0.087680 0.899000 0.426558 -0.046464
-0.089487 0.895133 0.435747 -0.029222
-0.090893 0.891249 0.444162 -0.011558
-0.091886 0.887390 0.451722 0.006522
-0.092456 0.883604 0.458335 0.025002
-0.092604 0.879941 0.463902 0.043855
-0.092344 0.876454 0.468324 0.063040
-0.091699 0.873194 0.471506 0.082499
-0.090705 0.870207 0.473366 0.102158
-0.089407 0.867533 0.473842 0.121925
-0.087855 0.865201 0.472894 0.141701
-0.086105 0.863231 0.470506 0.161377
-0.084209 0.861632 0.466684 0.180846
-0.082218 0.860410 0.461448 0.200002
-0.080179 0.859565 0.454831 0.218741
-0.078136 0.859096 0.446874 0.236965
-0.076131 0.859001 0.437622 0.254576
-0.074206 0.859279 0.427120 0.271481
-0.072408 0.859928 0.415423 0.287584
-0.070786 0.860946 0.402587 0.302795
-0.069396 0.862328 0.388677 0.317025
-0.068299 0.864061 0.373772 0.330194
-0.067565 0.866127 0.357960 0.342234
-0.067268 0.868492 0.341345 0.353101
-0.067485 0.871112 0.324044 0.362775
-0.068288 0.873926 0.306182 0.371273
-0.069745 0.876860 0.287887 0.378648
-0.071910 0.879830 0.269281 0.384988
-0.074825 0.882748 0.250479 0.390407
-0.078514 0.885525 0.231581 0.395034
-0.082989 0.888077 0.212670 0.399003
-0.088245 0.890330 0.193818 0.402442
-0.094269 0.892221 0.175085 0.405463
-0.101039 0.893698 0.156520 0.408161
-0.108523 0.894725 0.138166 0.410609
-0.116688 0.895276 0.120058 0.412857
-0.125493 0.895338 0.102223 0.414937
-0.134899 0.894908 0.084685 0.416857
-0.144865 0.893995 0.067459 0.418612
-0.155350 0.892614 0.050558 0.420179
-0.166318 0.890787 0.033990 0.421524
-0.177736 0.888540 0.017761 0.422600
-0.189576 0.885907 0.001878 0.423351
-0.201818 0.882921 -0.013648 0.423715
-0.214450 0.879618 -0.028795 0.423620
-0.227472 0.876036 -0.043531 0.422993
-0.240890 0.872210 -0.057804 0.421758
-0.254724 0.868175 -0.071537 0.419846
-0.269002 0.863958 -0.084622 0.417197
-0.283758 0.859580 -0.096920 0.413774
-0.299028 0.855051 -0.108256 0.409574
-0.314838 0.850364 -0.118430 0.404638
-0.331201 0.845496 -0.127222 0.399070
-0.348101 0.840403 -0.134419 0.393040
-0.365489 0.835021 -0.139832 0.386788
-0.383274 0.829267 -0.143330 0.380624
-0.401324 0.823041 -0.144868 0.374908
-0.419472 0.816234 -0.144512 0.370031
-0.437520 0.808738 -0.142451 0.366370
-0.455258 0.800460 -0.138998 0.364257
-0.472478 0.791335 -0.134562 0.363932
-0.488984 0.781336 -0.129606 0.365529
-0.504609 0.770477 -0.124607 0.369063
-0.519217 0.758812 -0.120017 0.374451
-0.532706 0.746428 -0.116241 0.381520
-0.545010 0.733436 -0.113618 0.390034
-0.556099 0.719963 -0.112417 0.399712
-0.565976 0.706145 -0.112830 0.410244
-0.574675 0.692116 -0.114974 0.421314
-0.582253 0.678005 -0.118894 0.432614
-0.588784 0.663928 -0.124580 0.443862
-0.594348 0.649990 -0.131976 0.454804
-0.599026 0.636283 -0.141000 0.465221
-0.602895 0.622897 -0.151559 0.474918
-0.606033 0.609913 -0.163553 0.483716
-0.608522 0.597413 -0.176881 0.491438
-0.610464 0.585475 -0.191427 0.497904
-0.611987 0.574160 -0.207048 0.502934
-0.613251 0.563504 -0.223563 0.506366
-0.614441 0.553497 -0.240744 0.508081
-0.615746 0.544082 -0.258332 0.508032
-0.617329 0.535160 -0.276065 0.506258
-0.619307 0.526609 -0.293708 0.502868
-0.621742 0.518307 -0.311072 0.498025
-0.624640 0.510148 -0.328026 0.491908
-0.627972 0.502048 -0.344490 0.484690
-0.631683 0.493955 -0.360427 0.476527
-0.635704 0.485837 -0.375827 0.467544
-0.639964 0.477684 -0.390699 0.457841
-0.644395 0.469500 -0.405061 0.447493
-0.648935 0.461302 -0.418934 0.436554
-0.653528 0.453110 -0.432338 0.425061
-0.658127 0.444954 -0.445290 0.413039
-0.662692 0.436863 -0.457804 0.400507
-0.667190 0.428868 -0.469886 0.387475
-0.671593 0.421002 -0.481541 0.373952
-0.675874 0.413296 -0.492768 0.359945
-0.680013 0.405782 -0.503567 0.345462
-0.683986 0.398493 -0.513935 0.330511
-0.687771 0.391462 -0.523871 0.315100
-0.691343 0.384727 -0.533372 0.299239
-0.694673 0.378330 -0.542440 0.282939
-0.697728 0.372323 -0.551076 0.266207
-0.700470 0.366767 -0.559282 0.249054
-0.702857 0.361738 -0.567054 0.231489
-0.704846 0.357335 -0.574380 0.213520
-0.706397 0.353679 -0.581230 0.195157
-0.707484 0.350919 -0.587538 0.176414
-0.708121 0.349238 -0.593170 0.157313
-0.708406 0.348840 -0.597878 0.137889
-0.708601 0.349919 -0.601222 0.118212
-0.709245 0.352543 -0.602488 0.098456
-0.711178 0.356402 -0.600797 0.079035
-0.715160 0.360609 -0.595677 0.060631
-0.721267 0.364087 -0.587622 0.043762
-0.728983 0.366230 -0.577626 0.028424
-0.737736 0.366928 -0.566484 0.014339
-0.747114 0.366288 -0.554664 0.001237
-0.756856 0.364470 -0.542410 -0.011070
-0.766792 0.361625 -0.529850 -0.022703
-0.776813 0.357884 -0.517051 -0.033734
-0.786843 0.353356 -0.504046 -0.044207
-0.796829 0.348134 -0.490851 -0.054148
-0.806731 0.342297 -0.477470 -0.063571
-0.816519 0.335911 -0.463905 -0.072478
-0.826171 0.329034 -0.450153 -0.080868
-0.835670 0.321717 -0.436212 -0.088732
-0.845000 0.314004 -0.422078 -0.096058
-0.854149 0.305933 -0.407751 -0.102827
-0.863108 0.297539 -0.393230 -0.109020
-0.871868 0.288850 -0.378518 -0.114613
-0.880421 0.279892 -0.363621 -0.119580
-0.888758 0.270688 -0.348551 -0.123892
-0.896873 0.261256 -0.333320 -0.127522
-0.904757 0.251614 -0.317948 -0.130441
-0.912401 0.241775 -0.302458 -0.132623
-0.919796 0.231753 -0.286876 -0.134044
-0.926933 0.221561 -0.271233 -0.134683
-0.933800 0.211211 -0.255560 -0.134525
-0.940387 0.200716 -0.239893 -0.133556
-0.946682 0.190092 -0.224264 -0.131773
-0.952674 0.179353 -0.208710 -0.129173
-0.958351 0.168519 -0.193260 -0.125760
-0.963702 0.157612 -0.177945 -0.121543
-0.968716 0.146656 -0.162792 -0.116531
-0.973384 0.135678 -0.147822 -0.110737
-0.977697 0.124712 -0.133058 -0.104174
-0.981644 0.113789 -0.118517 -0.096851
-0.985220 0.102949 -0.104220 -0.088776
-0.988417 0.092229 -0.090186 -0.079952
-0.991228 0.081670 -0.076444 -0.070376
-0.993648 0.071314 -0.063029 -0.060039
-0.995671 0.061203 -0.049989 -0.048925
-0.997293 0.051376 -0.037390 -0.037009
-0.998507 0.041871 -0.025322 -0.024264
-0.999311 0.032726 -0.013901 -0.010658
-0.999700 0.023971 -0.003278 0.003841
-0.999672 0.015637 0.006352 0.019255
-0.999228 0.007747 0.014751 0.035587
-0.998370 0.000322 0.021633 0.052804
-0.997111 -0.006624 0.026676 0.070813
-0.995468 -0.013087 0.029539 0.089436
-0.993475 -0.019072 0.029906 0.108395
-0.991175 -0.024607 0.027547 0.127311
-0.988623 -0.029742 0.022372 0.145739
-0.985875 -0.034559 0.014470 0.163236
-0.982982 -0.039158 0.004101 0.179432
-0.979977 -0.043658 -0.008366 0.194087
-0.976874 -0.048172 -0.022518 0.207098
-0.973674 -0.052806 -0.037965 0.218471
-0.970364 -0.057641 -0.054367 0.228290
-0.966926 -0.062739 -0.071448 0.236669
-0.963344 -0.068138 -0.088997 0.243733
-0.959599 -0.073853 -0.106852 0.249596
-0.955680 -0.079881 -0.124896 0.254353
-0.951580 -0.086202 -0.143041 0.258078
-0.947296 -0.092782 -0.161228 0.260821
-0.942832 -0.099577 -0.179411 0.262608
-0.938199 -0.106539 -0.197557 0.263445
-0.933411 -0.113615 -0.215638 0.263318
-0.928489 -0.120754 -0.233623 0.262198
-0.923459 -0.127911 -0.251476 0.260044
-0.918351 -0.135049 -0.269150 0.256808
-0.913201 -0.142146 -0.286584 0.252445
-0.908041 -0.149191 -0.303703 0.246916
-0.902907 -0.156190 -0.320418 0.240199
-0.897827 -0.163164 -0.336634 0.232297
-0.892824 -0.170141 -0.352256 0.223234
-0.887914 -0.177156 -0.367191 0.213062
-0.883104 -0.184246 -0.381361 0.201852
-0.878396 -0.191444 -0.394700 0.189688
-0.873784 -0.198775 -0.407160 0.176665
-0.869261 -0.206261 -0.418704 0.162877
-0.864815 -0.213915 -0.429310 0.148418
-0.860436 -0.221746 -0.438963 0.133378
-0.856112 -0.229759 -0.447657 0.117840
-0.851832 -0.237958 -0.455387 0.101884
-0.847584 -0.246350 -0.462156 0.085586
-0.843355 -0.254940 -0.467969 0.069019
-0.839130 -0.263740 -0.472832 0.052257
-0.834894 -0.272763 -0.476760 0.035371
-0.830626 -0.282028 -0.479772 0.018436
-0.826300 -0.291554 -0.481894 0.001525
-0.821887 -0.301364 -0.483164 -0.015286
-0.817353 -0.311481 -0.483626 -0.031923
-0.812659 -0.321927 -0.483337 -0.048315
-0.807760 -0.332722 -0.482363 -0.064392
-0.802609 -0.343886 -0.480778 -0.080084
-0.797157 -0.355437 -0.478664 -0.095326
-0.791348 -0.367391 -0.476111 -0.110050
-0.785125 -0.379762 -0.473220 -0.124185
-0.778427 -0.392565 -0.470102 -0.137654
-0.771187 -0.405810 -0.466882 -0.150369
-0.763334 -0.419502 -0.463704 -0.162229
-0.754795 -0.433632 -0.460739 -0.173113
-0.745499 -0.448168 -0.458180 -0.182887
-0.735385 -0.463040 -0.456254 -0.191404
-0.724414 -0.478124 -0.455204 -0.198525
-0.712584 -0.493226 -0.455279 -0.204143
-0.699936 -0.508089 -0.456703 -0.208223
-0.686556 -0.522406 -0.459653 -0.210836
-0.672554 -0.535845 -0.464244 -0.212176
-0.658050 -0.548068 -0.470536 -0.212574
-0.643161 -0.558731 -0.478543 -0.212508
-0.628017 -0.567462 -0.488226 -0.212643
-0.612800 -0.573869 -0.499403 -0.213888
-0.597810 -0.577666 -0.511562 -0.217324
-0.583427 -0.578988 -0.523755 -0.223756
-0.569844 -0.578540 -0.534987 -0.233147
-0.556915 -0.577206 -0.544768 -0.244760
-0.544337 -0.575600 -0.553115 -0.257771
-0.531852 -0.574018 -0.560253 -0.271575
-0.519294 -0.572557 -0.566426 -0.285787
-0.506567 -0.571220 -0.571834 -0.300173
-0.493622 -0.569970 -0.576632 -0.314589
-0.480437 -0.568764 -0.580930 -0.328949
-0.467002 -0.567560 -0.584809 -0.343196
-0.453316 -0.566323 -0.588323 -0.357295
-0.439379 -0.565029 -0.591510 -0.371221
-0.425194 -0.563664 -0.594394 -0.384954
-0.410763 -0.562221 -0.596991 -0.398477
-0.396085 -0.560702 -0.599307 -0.411777
-0.381161 -0.559116 -0.601347 -0.424838
-0.365990 -0.557477 -0.603107 -0.437645
-0.350568 -0.555802 -0.604586 -0.450181
-0.334893 -0.554113 -0.605777 -0.462428
-0.318963 -0.552435 -0.606673 -0.474370
-0.302776 -0.550791 -0.607267 -0.485986
-0.286335 -0.549207 -0.607552 -0.497258
-0.269640 -0.547705 -0.607519 -0.508167
-0.252698 -0.546308 -0.607163 -0.518695
-0.235515 -0.545033 -0.606478 -0.528825
-0.218102 -0.543897 -0.605458 -0.538543
-0.200472 -0.542908 -0.604103 -0.547834
-0.182639 -0.542073 -0.602411 -0.556688
-0.164619 -0.541394 -0.600383 -0.565095
-0.146430 -0.540867 -0.598024 -0.573051
-0.128090 -0.540484 -0.595340 -0.580551
-0.109616 -0.540233 -0.592338 -0.587595
-0.091026 -0.540099 -0.589029 -0.594183
-0.072335 -0.540062 -0.585422 -0.600318
-0.053561 -0.540101 -0.581532 -0.606006
-0.034716 -0.540193 -0.577370 -0.611253
-0.015815 -0.540312 -0.572952 -0.616067
0.003132 -0.540435 -0.568291 -0.620456
0.022113 -0.540533 -0.563402 -0.624430
0.041118 -0.540581 -0.558299 -0.628000
0.060138 -0.540553 -0.552995 -0.631175
0.079165 -0.540422 -0.547504 -0.633968
0.098190 -0.540164 -0.541838 -0.636391
0.117205 -0.539753 -0.536007 -0.638456
0.136200 -0.539169 -0.530020 -0.640176
0.155169 -0.538389 -0.523884 -0.641565
0.174100 -0.537395 -0.517604 -0.642637
0.192985 -0.536171 -0.511180 -0.643407
0.211812 -0.534703 -0.504613 -0.643890
0.230570 -0.532983 -0.497895 -0.644101
0.249246 -0.531005 -0.491019 -0.644057
0.267826 -0.528769 -0.483971 -0.643774
0.286296 -0.526278 -0.476732 -0.643267
0.304639 -0.523541 -0.469281 -0.642553
0.322838 -0.520573 -0.461589 -0.641650
0.340873 -0.517393 -0.453625 -0.640573
0.358724 -0.514024 -0.445351 -0.639343
0.376367 -0.510492 -0.436727 -0.637978
0.393775 -0.506827 -0.427708 -0.636501
0.410917 -0.503061 -0.418247 -0.634938
0.427758 -0.499225 -0.408297 -0.633318
0.444257 -0.495345 -0.397810 -0.631677
0.460371 -0.491447 -0.386743 -0.630055
0.476049 -0.487546 -0.375060 -0.628495
0.491240 -0.483650 -0.362735 -0.627048
0.505893 -0.479755 -0.349758 -0.625761
0.519959 -0.475847 -0.336133 -0.624681
0.533398 -0.471905 -0.321882 -0.623846
0.546178 -0.467901 -0.307042 -0.623285
0.558282 -0.463804 -0.291661 -0.623010
0.569704 -0.459585 -0.275797 -0.623021
0.580450 -0.455221 -0.259507 -0.623304
0.590536 -0.450693 -0.242851 -0.623832
0.599984 -0.445988 -0.225881 -0.624573
0.608823 -0.441101 -0.208643 -0.625486
0.617080 -0.436030 -0.191179 -0.626531
0.624785 -0.430778 -0.173524 -0.627665
0.631967 -0.425350 -0.155705 -0.628849
0.638654 -0.419752 -0.137746 -0.630044
0.644870 -0.413991 -0.119669 -0.631216
0.650639 -0.408075 -0.101491 -0.632332
0.655983 -0.402011 -0.083226 -0.633362
0.660919 -0.395805 -0.064889 -0.634282
0.665468 -0.389462 -0.046492 -0.635067
0.669644 -0.382986 -0.028048 -0.635698
0.673466 -0.376376 -0.009568 -0.636156
0.676946 -0.369629 0.008932 -0.636426
0.680101 -0.362737 0.027440 -0.636499
0.682944 -0.355684 0.045937 -0.636369
0.685487 -0.348446 0.064404 -0.636039
0.687737 -0.340987 0.082816 -0.635522
0.689693 -0.333255 0.101145 -0.634850
0.691341 -0.325188 0.119354 -0.634078
0.692648 -0.316706 0.137401 -0.633291
0.693546 -0.307726 0.155235 -0.632615
0.693928 -0.298173 0.172795 -0.632218
0.693639 -0.288013 0.190016 -0.632303
0.692487 -0.277289 0.206835 -0.633082
0.690261 -0.266160 0.223214 -0.634723
0.686790 -0.254912 0.239172 -0.637288
0.681987 -0.243917 0.254802 -0.640683
0.675876 -0.233550 0.270262 -0.644674
0.668578 -0.224115 0.285731 -0.648948
0.660276 -0.215813 0.301352 -0.653183
0.651165 -0.208744 0.317208 -0.657106
0.641429 -0.202937 0.333322 -0.660516
0.631221 -0.198384 0.349670 -0.663276
0.620666 -0.195068 0.366203 -0.665296
0.609869 -0.192990 0.382859 -0.666509
0.598931 -0.192175 0.399573 -0.666852
0.587967 -0.192686 0.416275 -0.666245
0.577132 -0.194617 0.432881 -0.664573
0.566645 -0.198086 0.449288 -0.661676
0.556821 -0.203211 0.465350 -0.657347
0.548090 -0.210042 0.480856 -0.651350
0.540956 -0.218468 0.495536 -0.643493
0.535865 -0.228132 0.509114 -0.633725
0.533031 -0.238471 0.521419 -0.622199
0.532356 -0.248875 0.532465 -0.609212
0.533524 -0.258856 0.542418 -0.595087
0.536146 -0.268094 0.551511 -0.580093
0.539855 -0.276403 0.559978 -0.564431
0.544341 -0.283689 0.568016 -0.548244
0.549348 -0.289905 0.575789 -0.531638
0.554663 -0.295036 0.583428 -0.514699
0.560107 -0.299082 0.591040 -0.497496
0.565519 -0.302054 0.598717 -0.480093
0.570750 -0.303974 0.606539 -0.462553
0.575655 -0.304871 0.614579 -0.444935
0.580093 -0.304787 0.622904 -0.427303
0.583919 -0.303773 0.631575 -0.409724
0.586988 -0.301897 0.640646 -0.392270
0.589151 -0.299245 0.650164 -0.375021
0.590262 -0.295921 0.660162 -0.358062
0.590183 -0.292050 0.670655 -0.341487
0.588787 -0.287776 0.681639 -0.325397
0.585971 -0.283256 0.693087 -0.309894
0.581661 -0.278653 0.704946 -0.295083
0.575819 -0.274123 0.717140 -0.281069
0.568446 -0.269796 0.729575 -0.267954
0.559583 -0.265757 0.742149 -0.255841
0.549305 -0.262021 0.754761 -0.244838
0.537721 -0.258485 0.767321 -0.235076
0.524982 -0.254876 0.779760 -0.226731
0.511316 -0.250656 0.792025 -0.220053
0.497140 -0.244985 0.804027 -0.215350
0.483158 -0.236985 0.815552 -0.212771
0.470095 -0.226417 0.826330 -0.211954
0.458179 -0.213820 0.836275 -0.212124
0.447175 -0.199913 0.845502 -0.212594
0.436740 -0.185223 0.854167 -0.212955
0.426586 -0.170085 0.862394 -0.213006
0.416505 -0.154714 0.870267 -0.212657
0.406350 -0.139256 0.877837 -0.211873
0.396020 -0.123814 0.885137 -0.210644
0.385443 -0.108465 0.892187 -0.208976
0.374573 -0.093265 0.898998 -0.206881
0.363380 -0.078259 0.905572 -0.204375
0.351848 -0.063480 0.911910 -0.201477
0.339970 -0.048954 0.918008 -0.198205
0.327747 -0.034700 0.923859 -0.194582
0.315183 -0.020729 0.929457 -0.190630
0.302287 -0.007052 0.934793 -0.186373
0.289066 0.006325 0.939860 -0.181836
0.275531 0.019397 0.944649 -0.177046
0.261689 0.032160 0.949153 -0.172028
0.247546 0.044610 0.953365 -0.166810
0.233107 0.056738 0.957280 -0.161421
0.218372 0.068537 0.960893 -0.155889
0.203342 0.079993 0.964199 -0.150242
0.188013 0.091090 0.967198 -0.144509
0.172379 0.101804 0.969886 -0.138718
0.156434 0.112109 0.972264 -0.132898
0.140169 0.121969 0.974335 -0.127075
0.123575 0.131343 0.976100 -0.121277
0.106643 0.140179 0.977563 -0.115528
0.089367 0.148420 0.978733 -0.109853
0.071742 0.155996 0.979615 -0.104276
0.053768 0.162832 0.980219 -0.098817
0.035455 0.168839 0.980559 -0.093494
0.016818 0.173923 0.980646 -0.088325
-0.002112 0.177981 0.980498 -0.083320
-0.021291 0.180908 0.980132 -0.078488
-0.040655 0.182601 0.979568 -0.073832
-0.060124 0.182964 0.978826 -0.069347
-0.079598 0.181923 0.977927 -0.065022
-0.098963 0.179426 0.976889 -0.060840
-0.118100 0.175458 0.975727 -0.056779
-0.136890 0.170036 0.974453 -0.052813
-0.155225 0.163213 0.973074 -0.048918
-0.173013 0.155062 0.971592 -0.045069
-0.190176 0.145674 0.970006 -0.041249
-0.206655 0.135141 0.968312 -0.037443
-0.222400 0.123554 0.966510 -0.033643
-0.237369 0.110995 0.964596 -0.029846
-0.251521 0.097537 0.962572 -0.026050
-0.264814 0.083247 0.960442 -0.022251
-0.277205 0.068185 0.958211 -0.018447
-0.288650 0.052409 0.955887 -0.014625
-0.299108 0.035982 0.953480 -0.010768
-0.308544 0.018973 0.950996 -0.006845
-0.316938 0.001462 0.948441 -0.002816
-0.324294 -0.016464 0.945812 0.001374
-0.330637 -0.034707 0.943102 0.005792
-0.336026 -0.053165 0.940292 0.010512
-0.340544 -0.071734 0.937358 0.015619
-0.344299 -0.090312 0.934266 0.021199
-0.347416 -0.108797 0.930977 0.027340
-0.350029 -0.127089 0.927450 0.034127
-0.352274 -0.145089 0.923644 0.041637
-0.354279 -0.162696 0.919523 0.049939
-0.356161 -0.179807 0.915056 0.059083
-0.358020 -0.196322 0.910222 0.069099
-0.359933 -0.212147 0.905010 0.079991
-0.361955 -0.227202 0.899418 0.091732
-0.364117 -0.241432 0.893453 0.104267
-0.366435 -0.254810 0.887123 0.117513
-0.368908 -0.267346 0.880440 0.131369
-0.371527 -0.279080 0.873411 0.145720
-0.374277 -0.290086 0.866039 0.160447
-0.377140 -0.300460 0.858319 0.175432
-0.380095 -0.310316 0.850246 0.190563
-0.383114 -0.319777 0.841808 0.205734
-0.386163 -0.328973 0.832995 0.220849
-0.389197 -0.338033 0.823801 0.235821
-0.392158 -0.347081 0.814224 0.250573
-0.394970 -0.356230 0.804271 0.265040
-0.397543 -0.365575 0.793963 0.279173
-0.399774 -0.375186 0.783328 0.292940
-0.401551 -0.385104 0.772409 0.306326
-0.402763 -0.395336 0.761257 0.319342
-0.403309 -0.405856 0.749926 0.332015
-0.403106 -0.416608 0.738472 0.344388
-0.402098 -0.427515 0.726943 0.356514
-0.400254 -0.438487 0.715381 0.368450
-0.397569 -0.449432 0.703818 0.380249
-0.394062 -0.460262 0.692274 0.391958
-0.389768 -0.470897 0.680760 0.403612
-0.384731 -0.481271 0.669280 0.415239
-0.379006 -0.491328 0.657833 0.426857
-0.372647 -0.501025 0.646410 0.438477
-0.365712 -0.510328 0.635001 0.450103
-0.358257 -0.519213 0.623594 0.461736
-0.350337 -0.527660 0.612173 0.473374
-0.342004 -0.535657 0.600723 0.485013
-0.333310 -0.543196 0.589224 0.496647
-0.324306 -0.550270 0.577659 0.508270
-0.315042 -0.556878 0.566007 0.519876
-0.305567 -0.563022 0.554245 0.531458
-0.295930 -0.568703 0.542352 0.543006
-0.286180 -0.573930 0.530302 0.554513
-0.276366 -0.578712 0.518070 0.565966
-0.266537 -0.583060 0.505630 0.577354
-0.256741 -0.586991 0.492953 0.588662
-0.247026 -0.590522 0.480013 0.599874
-0.237442 -0.593674 0.466783 0.610972
-0.228035 -0.596469 0.453237 0.621933
-0.218854 -0.598932 0.439349 0.632738
-0.209946 -0.601086 0.425096 0.643360
-0.201360 -0.602955 0.410459 0.653777
-0.193145 -0.604561 0.395420 0.663961
-0.185353 -0.605922 0.379967 0.673891
-0.178036 -0.607050 0.364092 0.683542
-0.171249 -0.607952 0.347796 0.692897
-0.165049 -0.608621 0.331086 0.701942
-0.159490 -0.609040 0.313978 0.710670
-0.154626 -0.609175 0.296502 0.719085
-0.150501 -0.608975 0.278698 0.727204
-0.147149 -0.608371 0.260624 0.735055
-0.144582 -0.607275 0.242350 0.742684
-0.142785 -0.605581 0.223963 0.750150
-0.141713 -0.603172 0.205563 0.757525
-0.141280 -0.599922 0.187265 0.764895
-0.141355 -0.595700 0.169198 0.772355
-0.141750 -0.590377 0.151510 0.780004
-0.142205 -0.583838 0.134370 0.787944
-0.142370 -0.576001 0.117966 0.796265
-0.141783 -0.566864 0.102500 0.805020
-0.139899 -0.556567 0.088146 0.814182
-0.136185 -0.545447 0.074980 0.823601
-0.130281 -0.534025 0.062905 0.832999
-0.122125 -0.522872 0.051638 0.842036
-0.111934 -0.512468 0.040799 0.850402
-0.100088 -0.503129 0.030015 0.857871
-0.087013 -0.495018 0.018992 0.864306
-0.073114 -0.488183 0.007531 0.869641
-0.058748 -0.482600 -0.004485 0.873857
-0.044213 -0.478194 -0.017109 0.876974
-0.029749 -0.474864 -0.030347 0.879033
-0.015543 -0.472488 -0.044177 0.880092
-0.001733 -0.470941 -0.058554 0.880217
0.011590 -0.470100 -0.073423 0.879478
0.024371 -0.469848 -0.088724 0.877939
0.036584 -0.470083 -0.104393 0.875663
0.048230 -0.470718 -0.120366 0.872703
0.059325 -0.471684 -0.136581 0.869103
0.069900 -0.472927 -0.152979 0.864900
0.079994 -0.474412 -0.169501 0.860118
0.089652 -0.476114 -0.186093 0.854779
0.098924 -0.478020 -0.202698 0.848896
0.107865 -0.480126 -0.219263 0.842477
0.116536 -0.482432 -0.235731 0.835530
0.125000 -0.484938 -0.252048 0.828059
0.133326 -0.487643 -0.268158 0.820073
0.141587 -0.490536 -0.284009 0.811582
0.149856 -0.493601 -0.299551 0.802602
0.158204 -0.496807 -0.314741 0.793153
0.166696 -0.500114 -0.329543 0.783262
0.175385 -0.503472 -0.343932 0.772960
0.184312 -0.506822 -0.357896 0.762280
0.193502 -0.510107 -0.371431 0.751256
0.202967 -0.513269 -0.384543 0.739922
0.212702 -0.516255 -0.397247 0.728308
0.222695 -0.519019 -0.409561 0.716440
0.232922 -0.521522 -0.421507 0.704340
0.243354 -0.523734 -0.433109 0.692025
0.253958 -0.525631 -0.444391 0.679510
0.264700 -0.527197 -0.455378 0.666804
0.275544 -0.528423 -0.466090 0.653915
0.286453 -0.529303 -0.476550 0.640846
0.297391 -0.529837 -0.486776 0.627599
0.308324 -0.530028 -0.496786 0.614174
0.319218 -0.529884 -0.506595 0.600570
0.330041 -0.529414 -0.516215 0.586784
0.340763 -0.528630 -0.525659 0.572812
0.351357 -0.527546 -0.534934 0.558650
0.361797 -0.526175 -0.544046 0.544294
0.372060 -0.524534 -0.553001 0.529741
0.382123 -0.522638 -0.561800 0.514987
0.391968 -0.520504 -0.570446 0.500029
0.401577 -0.518145 -0.578938 0.484863
0.410934 -0.515579 -0.587274 0.469490
0.420025 -0.512817 -0.595454 0.453908
0.428835 -0.509875 -0.603475 0.438116
0.437351 -0.506765 -0.611336 0.422116
0.445559 -0.503499 -0.619034 0.405909
0.453447 -0.500091 -0.626569 0.389496
0.460999 -0.496552 -0.633938 0.372879
0.468201 -0.492895 -0.641142 0.356061
0.475036 -0.489135 -0.648180 0.339043
0.481486 -0.485288 -0.655052 0.321829
0.487531 -0.481372 -0.661758 0.304418
0.493151 -0.477408 -0.668297 0.286814
0.498322 -0.473421 -0.674669 0.269017
0.503019 -0.469440 -0.680869 0.251027
0.507215 -0.465504 -0.686893 0.232845
0.510884 -0.461655 -0.692730 0.214470
0.513996 -0.457950 -0.698365 0.195902
0.516526 -0.454454 -0.703772 0.177137
0.518453 -0.451253 -0.708913 0.158175
0.519768 -0.448450 -0.713729 0.139014
0.520482 -0.446169 -0.718132 0.119654
0.520644 -0.444561 -0.721994 0.100100
0.520368 -0.443791 -0.725126 0.080367
0.519860 -0.444018 -0.727278 0.060496
0.519452 -0.445337 -0.728148 0.040570
0.519574 -0.447700 -0.727446 0.020732
0.520659 -0.450856 -0.725012 0.001174
0.522985 -0.454385 -0.720902 -0.017927
0.526604 -0.457844 -0.715358 -0.036472
0.531386 -0.460888 -0.708694 -0.054450
0.537127 -0.463304 -0.701194 -0.071909
0.543618 -0.464985 -0.693082 -0.088912
0.550680 -0.465887 -0.684519 -0.105522
0.558165 -0.466004 -0.675618 -0.121790
0.565955 -0.465343 -0.666463 -0.137759
0.573957 -0.463917 -0.657118 -0.153460
0.582096 -0.461738 -0.647633 -0.168920
0.590307 -0.458815 -0.638054 -0.184159
0.598538 -0.455152 -0.628420 -0.199191
0.606741 -0.450749 -0.618774 -0.214031
0.614874 -0.445596 -0.609160 -0.228688
0.622898 -0.439680 -0.599624 -0.243166
0.630776 -0.432979 -0.590220 -0.257468
0.638473 -0.425464 -0.581010 -0.271588
0.645955 -0.417098 -0.572062 -0.285512
0.653190 -0.407836 -0.563457 -0.299214
0.660151 -0.397631 -0.555285 -0.312649
0.666817 -0.386429 -0.547646 -0.325749
0.673177 -0.374184 -0.540644 -0.338414
0.679236 -0.360860 -0.534379 -0.350510
0.685020 -0.346451 -0.528933 -0.361869
0.690579 -0.330988 -0.524350 -0.372298
0.695979 -0.314555 -0.520621 -0.381605
0.701300 -0.297279 -0.517682 -0.389626
0.706616 -0.279321 -0.515419 -0.396252
0.711985 -0.260851 -0.513696 -0.401435
0.717440 -0.242029 -0.512378 -0.405181
0.722990 -0.222991 -0.511350 -0.407532
0.728625 -0.203849 -0.510529 -0.408549
0.734318 -0.184693 -0.509865 -0.408293
0.740030 -0.165593 -0.509344 -0.406822
0.745707 -0.146605 -0.508980 -0.404187
0.751282 -0.127771 -0.508824 -0.400434
0.756663 -0.109125 -0.508962 -0.395614
0.761727 -0.090686 -0.509523 -0.389788
0.766298 -0.072459 -0.510693 -0.383052
0.770133 -0.054435 -0.512723 -0.375561
0.772888 -0.036602 -0.515937 -0.367578
0.774110 -0.018979 -0.520700 -0.359534
0.773295 -0.001681 -0.527308 -0.352076
0.770074 0.015042 -0.535778 -0.345981
0.764434 0.030893 -0.545725 -0.341864
0.756721 0.045699 -0.556531 -0.339940
0.747404 0.059463 -0.567629 -0.340070
0.736891 0.072283 -0.578633 -0.341980
0.725477 0.084276 -0.589307 -0.345395
0.713370 0.095550 -0.599510 -0.350088
0.700722 0.106200 -0.609150 -0.355875
0.687649 0.116322 -0.618164 -0.362603
0.674248 0.126018 -0.626509 -0.370129
0.660596 0.135399 -0.634157 -0.378318
0.646757 0.144578 -0.641098 -0.387036
0.632778 0.153664 -0.647337 -0.396149
0.618693 0.162752 -0.652896 -0.405534
0.604522 0.171918 -0.657807 -0.415075
0.590276 0.181211 -0.662109 -0.424674
0.575956 0.190659 -0.665847 -0.434248
0.561557 0.200269 -0.669066 -0.443731
0.547070 0.210032 -0.671807 -0.453074
0.532485 0.219929 -0.674113 -0.462238
0.517787 0.229932 -0.676018 -0.471197
0.502965 0.240011 -0.677557 -0.479934
0.488005 0.250133 -0.678759 -0.488437
0.472896 0.260264 -0.679650 -0.496697
0.457625 0.270374 -0.680254 -0.504711
0.442182 0.280430 -0.680592 -0.512473
0.426557 0.290403 -0.680687 -0.519982
0.410740 0.300262 -0.680557 -0.527236
0.394723 0.309976 -0.680224 -0.534232
0.378495 0.319513 -0.679707 -0.540972
0.362048 0.328838 -0.679027 -0.547457
0.345372 0.337913 -0.678204 -0.553690
0.328458 0.346695 -0.677257 -0.559679
0.311298 0.355140 -0.676205 -0.565434
0.293889 0.363200 -0.675064 -0.570968
0.276227 0.370826 -0.673846 -0.576298
0.258316 0.377969 -0.672560 -0.581443
0.240162 0.384586 -0.671211 -0.586422
0.221778 0.390638 -0.669801 -0.591256
0.203179 0.396091 -0.668328 -0.595960
0.184385 0.400921 -0.666788 -0.600548
0.165418 0.405109 -0.665178 -0.605031
0.146301 0.408638 -0.663494 -0.609415
0.127058 0.411497 -0.661735 -0.613705
0.107713 0.413671 -0.659902 -0.617902
0.088289 0.415148 -0.657997 -0.622011
0.068814 0.415907 -0.656024 -0.626034
0.049314 0.415930 -0.653986 -0.629978
0.029821 0.415193 -0.651886 -0.633853
0.010369 0.413675 -0.649724 -0.637671
-0.009005 0.411358 -0.647493 -0.641448
-0.028260 0.408231 -0.645186 -0.645200
-0.047356 0.404292 -0.642788 -0.648945
-0.066253 0.399553 -0.640279 -0.652695
-0.084918 0.394037 -0.637637 -0.656463
-0.103319 0.387783 -0.634835 -0.660253
-0.121437 0.380836 -0.631850 -0.664065
-0.139257 0.373250 -0.628658 -0.667893
-0.156775 0.365084 -0.625237 -0.671725
-0.173992 0.356394 -0.621571 -0.675544
-0.190916 0.347236 -0.617650 -0.679328
-0.207557 0.337661 -0.613467 -0.683055
-0.223926 0.327712 -0.609021 -0.686699
-0.240036 0.317427 -0.604316 -0.690236
-0.255899 0.306835 -0.599359 -0.693640
-0.271524 0.295958 -0.594164 -0.696888
-0.286916 0.284811 -0.588744 -0.699959
-0.302078 0.273401 -0.583118 -0.702833
-0.317009 0.261732 -0.577304 -0.705494
-0.331703 0.249801 -0.571322 -0.707929
-0.346151 0.237601 -0.565193 -0.710128
-0.360339 0.225123 -0.558935 -0.712086
-0.374250 0.212356 -0.552568 -0.713800
-0.387864 0.199290 -0.546107 -0.715270
-0.401159 0.185915 -0.539565 -0.716503
-0.414114 0.172225 -0.532952 -0.717503
-0.426704 0.158217 -0.526271 -0.718283
-0.438909 0.143893 -0.519524 -0.718853
-0.450710 0.129262 -0.512705 -0.719226
-0.462094 0.114338 -0.505805 -0.719415
-0.473051 0.099140 -0.498808 -0.719434
-0.483578 0.083695 -0.491695 -0.719294
-0.493678 0.068034 -0.484443 -0.719005
-0.503361 0.052191 -0.477025 -0.718576
-0.512642 0.036205 -0.469411 -0.718012
-0.521542 0.020116 -0.461571 -0.717316
-0.530084 0.003968 -0.453473 -0.716490
-0.538295 -0.012196 -0.445086 -0.715533
-0.546206 -0.028334 -0.436380 -0.714443
-0.553843 -0.044401 -0.427325 -0.713218
-0.561235 -0.060356 -0.417896 -0.711853
-0.568408 -0.076158 -0.408069 -0.710347
-0.575382 -0.091768 -0.397826 -0.708695
-0.582175 -0.107153 -0.387153 -0.706896
-0.588800 -0.122282 -0.376045 -0.704948
-0.595263 -0.137131 -0.364500 -0.702849
-0.601566 -0.151686 -0.352526 -0.700596
-0.607702 -0.165938 -0.340142 -0.698188
-0.613662 -0.179895 -0.327373 -0.695618
-0.619427 -0.193576 -0.314254 -0.692880
-0.624975 -0.207012 -0.300832 -0.689965
-0.630274 -0.220254 -0.287159 -0.686865
-0.635283 -0.233363 -0.273296 -0.683569
-0.639948 -0.246416 -0.259308 -0.680077
-0.644200 -0.259497 -0.245263 -0.676398
-0.647947 -0.272691 -0.231223 -0.672563
-0.651076 -0.286075 -0.217238 -0.668632
-0.653454 -0.299699 -0.203336 -0.664706
-0.654931 -0.313570 -0.189515 -0.660925
-0.655365 -0.327636 -0.175734 -0.657472
-0.654634 -0.341770 -0.161914 -0.654546
-0.652677 -0.355777 -0.147953 -0.652339
-0.649503 -0.369415 -0.133744 -0.650992
-0.645209 -0.382436 -0.119198 -0.650569
-0.639956 -0.394631 -0.104256 -0.651040
-0.633945 -0.405858 -0.088891 -0.652297
-0.627379 -0.416052 -0.073104 -0.654180
-0.620440 -0.425215 -0.056907 -0.656512
-0.613279 -0.433390 -0.040323 -0.659118
-0.606015 -0.440648 -0.023380 -0.661837
-0.598738 -0.447069 -0.006103 -0.664533
-0.591513 -0.452736 0.011478 -0.667091
-0.584387 -0.457727 0.029334 -0.669416
-0.577393 -0.462114 0.047438 -0.671430
-0.570555 -0.465961 0.065760 -0.673070
-0.563888 -0.469324 0.084273 -0.674288
-0.557403 -0.472253 0.102948 -0.675041
-0.551108 -0.474789 0.121759 -0.675300
-0.545011 -0.476968 0.140679 -0.675036
-0.539118 -0.478820 0.159683 -0.674229
-0.533435 -0.480372 0.178745 -0.672859
-0.527973 -0.481647 0.197842 -0.670910
-0.522741 -0.482666 0.216949 -0.668363
-0.517752 -0.483449 0.236040 -0.665203
-0.513022 -0.484017 0.255090 -0.661412
-0.508567 -0.484392 0.274070 -0.656970
-0.504407 -0.484599 0.292950 -0.651858
-0.500561 -0.484667 0.311696 -0.646051
-0.497051 -0.484630 0.330272 -0.639527
-0.493895 -0.484530 0.348634 -0.632260
-0.491109 -0.484416 0.366734 -0.624227
-0.488703 -0.484347 0.384519 -0.615404
-0.486680 -0.484390 0.401928 -0.605774
-0.485029 -0.484621 0.418898 -0.595327
-0.483722 -0.485122 0.435362 -0.584063
-0.482715 -0.485977 0.451255 -0.571998
-0.481944 -0.487268 0.466516 -0.559163
-0.481326 -0.489067 0.481094 -0.545608
-0.480762 -0.491431 0.494953 -0.531398
-0.480148 -0.494402 0.508071 -0.516612
-0.479375 -0.497998 0.520441 -0.501337
-0.478336 -0.502223 0.532072 -0.485661
-0.476934 -0.507061 0.542980 -0.469676
-0.475083 -0.512487 0.553192 -0.453466
-0.472707 -0.518467 0.562736 -0.437114
-0.469740 -0.524965 0.571641 -0.420694
-0.466128 -0.531943 0.579931 -0.404279
-0.461823 -0.539364 0.587630 -0.387939
-0.456781 -0.547199 0.594754 -0.371741
-0.450963 -0.555420 0.601313 -0.355758
-0.444330 -0.564005 0.607308 -0.340066
-0.436843 -0.572941 0.612734 -0.324752
-0.428460 -0.582217 0.617574 -0.309915
-0.419140 -0.591826 0.621803 -0.295676
-0.408841 -0.601761 0.625387 -0.282177
-0.397531 -0.612009 0.628280 -0.269589
-0.385187 -0.622545 0.630433 -0.258112
-0.371816 -0.633323 0.631796 -0.247971
-0.357456 -0.644264 0.632325 -0.239403
-0.342191 -0.655251 0.632005 -0.232639
-0.326146 -0.666120 0.630859 -0.227881
-0.309472 -0.676662 0.628972 -0.225275
-0.292323 -0.686622 0.626510 -0.224906
-0.274826 -0.695682 0.623746 -0.226799
-0.257071 -0.703439 0.621100 -0.230919
-0.239127 -0.709340 0.619209 -0.237142
-0.221127 -0.712650 0.618991 -0.245120
-0.203453 -0.712602 0.621513 -0.254019
-0.186760 -0.708951 0.627397 -0.262455
-0.171528 -0.702371 0.636254 -0.269135
-0.157699 -0.693953 0.647106 -0.273520
-0.144907 -0.684567 0.659067 -0.275681
-0.132763 -0.674742 0.671542 -0.275914
-0.120958 -0.664769 0.684158 -0.274554
-0.109270 -0.654797 0.696682 -0.271910
-0.097540 -0.644895 0.708968 -0.268255
-0.085661 -0.635082 0.720922 -0.263825
-0.073561 -0.625349 0.732488 -0.258821
-0.061194 -0.615672 0.743630 -0.253413
-0.048536 -0.606020 0.754326 -0.247742
-0.035576 -0.596361 0.764566 -0.241924
-0.022312 -0.586665 0.774342 -0.236053
-0.008754 -0.576905 0.783652 -0.230203
0.005088 -0.567061 0.792493 -0.224432
0.019199 -0.557117 0.800865 -0.218785
0.033562 -0.547061 0.808766 -0.213295
0.048161 -0.536889 0.816194 -0.207985
0.062980 -0.526600 0.823146 -0.202872
0.078007 -0.516196 0.829618 -0.197968
0.093227 -0.505684 0.835605 -0.193280
0.108631 -0.495075 0.841100 -0.188815
0.124211 -0.484383 0.846095 -0.184575
0.139960 -0.473624 0.850580 -0.180567
0.155874 -0.462819 0.854544 -0.176794
0.171950 -0.451988 0.857974 -0.173263
0.188188 -0.441160 0.860853 -0.169982
0.204587 -0.430364 0.863165 -0.166962
0.221149 -0.419634 0.864890 -0.164213
0.237875 -0.409009 0.866004 -0.161751
0.254767 -0.398534 0.866484 -0.159592
0.271825 -0.388261 0.866302 -0.157753
0.289052 -0.378252 0.865425 -0.156252
0.306444 -0.368582 0.863818 -0.155107
0.324002 -0.359340 0.861441 -0.154329
0.341719 -0.350644 0.858246 -0.153920
0.359588 -0.342644 0.854177 -0.153862
0.377597 -0.335551 0.849164 -0.154098
0.395721 -0.329669 0.843122 -0.154497
0.413895 -0.325460 0.835949 -0.154774
0.431935 -0.323596 0.827579 -0.154375
0.449369 -0.324805 0.818135 -0.152394
0.465480 -0.329172 0.808140 -0.147932
0.479908 -0.335655 0.798250 -0.140786
0.492914 -0.342899 0.788793 -0.131382
0.504926 -0.349994 0.779807 -0.120230
0.516252 -0.356471 0.771236 -0.107737
0.527071 -0.362127 0.763011 -0.094204
0.537480 -0.366896 0.755066 -0.079863
0.547531 -0.370783 0.747342 -0.064892
0.557255 -0.373827 0.739782 -0.049435
0.566672 -0.376083 0.732335 -0.033601
0.575798 -0.377609 0.724957 -0.017480
0.584647 -0.378459 0.717604 -0.001144
0.593228 -0.378685 0.710242 0.015351
0.601552 -0.378330 0.702838 0.031956
0.609629 -0.377432 0.695365 0.048632
0.617466 -0.376025 0.687802 0.065346
0.625070 -0.374135 0.680129 0.082071
0.632446 -0.371785 0.672332 0.098782
0.639597 -0.368993 0.664401 0.115459
0.646526 -0.365775 0.656328 0.132086
0.653230 -0.362143 0.648110 0.148648
0.659708 -0.358107 0.639746 0.165134
0.665956 -0.353678 0.631237 0.181533
0.671967 -0.348862 0.622588 0.197837
0.677733 -0.343669 0.613804 0.214043
0.683245 -0.338107 0.604892 0.230144
0.688490 -0.332184 0.595861 0.246138
0.693458 -0.325911 0.586720 0.262025
0.698135 -0.319298 0.577478 0.277804
0.702508 -0.312359 0.568143 0.293474
0.706564 -0.305108 0.558724 0.309038
0.710290 -0.297560 0.549226 0.324495
0.713673 -0.289733 0.539657 0.339848
0.716702 -0.281646 0.530019 0.355096
0.719368 -0.273317 0.520316 0.370241
0.721662 -0.264767 0.510549 0.385281
0.723578 -0.256016 0.500717 0.400216
0.725111 -0.247083 0.490818 0.415044
0.726258 -0.237987 0.480851 0.429761
0.727018 -0.228745 0.470811 0.444362
0.727391 -0.219372 0.460697 0.458843
0.727379 -0.209880 0.450506 0.473196
0.726985 -0.200277 0.440237 0.487415
0.726212 -0.190569 0.429892 0.501491
0.725063 -0.180756 0.419475 0.515414
0.723542 -0.170833 0.408995 0.529175
0.721651 -0.160789 0.398465 0.542764
0.719389 -0.150611 0.387904 0.556170
0.716758 -0.140275 0.377338 0.569383
0.713752 -0.129755 0.366799 0.582391
0.710370 -0.119019 0.356326 0.595182
0.706604 -0.108029 0.345967 0.607740
0.702450 -0.096743 0.335777 0.620048
0.697904 -0.085116 0.325814 0.632084
0.692968 -0.073104 0.316142 0.643821
0.687647 -0.060663 0.306825 0.655225
0.681955 -0.047755 0.297925 0.666257
0.675914 -0.034351 0.289492 0.676871
0.669554 -0.020434 0.281569 0.687022
0.662909 -0.006004 0.274182 0.696663
0.656013 0.008924 0.267342 0.705759
0.648896 0.024319 0.261046 0.714281
0.641579 0.040136 0.255281 0.722217
0.634072 0.056320 0.250025 0.729567
0.626373 0.072811 0.245255 0.736346
0.618466 0.089544 0.240945 0.742581
0.610327 0.106454 0.237072 0.748308
0.601921 0.123472 0.233613 0.753572
0.593206 0.140533 0.230545 0.758423
0.584138 0.157569 0.227844 0.762917
0.574668 0.174514 0.225485 0.767110
0.564752 0.191303 0.223439 0.771060
0.554347 0.207869 0.221675 0.774823
0.543420 0.224151 0.220155 0.778449
0.531945 0.240090 0.218842 0.781984
0.519908 0.255635 0.217696 0.785465
0.507304 0.270738 0.216676 0.788920
0.494138 0.285362 0.215747 0.792369
0.480426 0.299478 0.214876 0.795821
0.466188 0.313063 0.214038 0.799280
0.451445 0.326099 0.213214 0.802743
0.436224 0.338574 0.212393 0.806204
0.420548 0.350474 0.211572 0.809657
0.404437 0.361783 0.210752 0.813097
0.387911 0.372481 0.209941 0.816522
0.370984 0.382538 0.209147 0.819935
0.353670 0.391916 0.208379 0.823346
0.335981 0.400563 0.207642 0.826771
0.317932 0.408416 0.206938 0.830236
0.299543 0.415401 0.206257 0.833771
0.280841 0.421438 0.205577 0.837411
0.261866 0.426443 0.204863 0.841192
0.242673 0.430342 0.204066 0.845147
0.223327 0.433073 0.203122 0.849302
0.203908 0.434607 0.201960 0.853669
0.184499 0.434945 0.200505 0.858243
0.165179 0.434128 0.198685 0.863002
0.146016 0.432235 0.196443 0.867907
0.127059 0.429369 0.193735 0.872906
0.108338 0.425646 0.190538 0.877943
0.089864 0.421190 0.186847 0.882956
0.071631 0.416115 0.182672 0.887890
0.053627 0.410526 0.178034 0.892691
0.035830 0.404512 0.172964 0.897313
0.018217 0.398147 0.167499 0.901716
0.000765 0.391491 0.161678 0.905867
-0.016547 0.384591 0.155540 0.909738
-0.033740 0.377483 0.149128 0.913306
-0.050831 0.370193 0.142482 0.916555
-0.067835 0.362739 0.135640 0.919468
-0.084763 0.355133 0.128641 0.922034
-0.101625 0.347382 0.121521 0.924246
-0.118428 0.339489 0.114315 0.926096
-0.135177 0.331454 0.107056 0.927580
-0.151876 0.323273 0.099778 0.928694
-0.168527 0.314943 0.092512 0.929436
-0.185130 0.306458 0.085289 0.929804
-0.201686 0.297810 0.078141 0.929799
-0.218193 0.288990 0.071100 0.929420
-0.234649 0.279989 0.064200 0.928668
-0.251048 0.270792 0.057477 0.927547
-0.267384 0.261382 0.050969 0.926060
-0.283647 0.251737 0.044718 0.924215
-0.299819 0.241826 0.038767 0.922023
-0.315876 0.231610 0.033164 0.919499
-0.331785 0.221038 0.027961 0.916668
-0.347496 0.210044 0.023208 0.913559
-0.362942 0.198550 0.018957 0.910215
-0.378033 0.186465 0.015255 0.906691
-0.392651 0.173686 0.012140 0.903056
-0.406648 0.160112 0.009635 0.899393
-0.419850 0.145654 0.007741 0.895796
-0.432061 0.130254 0.006429 0.892365
-0.443086 0.113897 0.005635 0.889197
-0.452749 0.096627 0.005264 0.886371
-0.460923 0.078544 0.005195 0.883942
-0.467542 0.059785 0.005293 0.881931
-0.472611 0.040512 0.005425 0.880323
-0.476194 0.020880 0.005473 0.879075
-0.478400 0.001029 0.005339 0.878125
-0.479364 -0.018927 0.004950 0.877398
-0.479233 -0.038904 0.004259 0.876815
-0.478150 -0.058840 0.003240 0.876299
-0.476251 -0.078695 0.001884 0.875779
-0.473658 -0.098445 0.000198 0.875190
-0.470477 -0.118075 -0.001799 0.874475
-0.466798 -0.137580 -0.004080 0.873587
-0.462701 -0.156959 -0.006613 0.872484
-0.458247 -0.176215 -0.009359 0.871132
-0.453490 -0.195351 -0.012276 0.869502
-0.448472 -0.214372 -0.015320 0.867573
-0.443225 -0.233284 -0.018442 0.865326
-0.437776 -0.252091 -0.021596 0.862749
-0.432140 -0.270796 -0.024733 0.859833
-0.426330 -0.289402 -0.027802 0.856573
-0.420349 -0.307909 -0.030757 0.852967
-0.414199 -0.326314 -0.033550 0.849018
-0.407877 -0.344616 -0.036138 0.844731
-0.401378 -0.362806 -0.038481 0.840111
-0.394697 -0.380879 -0.040545 0.835165
-0.387837 -0.398825 -0.042307 0.829898
-0.380804 -0.416636 -0.043749 0.824311
-0.373620 -0.434304 -0.044870 0.818398
-0.366323 -0.451824 -0.045681 0.812143
-0.358969 -0.469195 -0.046213 0.805520
-0.351641 -0.486420 -0.046522 0.798486
-0.344441 -0.503505 -0.046691 0.790989
-0.337492 -0.520454 -0.046841 0.782964
-0.330918 -0.537261 -0.047128 0.774353
-0.324829 -0.553906 -0.047743 0.765111
-0.319295 -0.570345 -0.048894 0.755226
-0.314328 -0.586515 -0.050775 0.744728
-0.309880 -0.602341 -0.053540 0.733684
-0.305869 -0.617749 -0.057292 0.722182
-0.302205 -0.632671 -0.062079 0.710314
-0.298815 -0.647048 -0.067908 0.698160
-0.295658 -0.660826 -0.074763 0.685788
-0.292724 -0.673960 -0.082610 0.673250
-0.290026 -0.686407 -0.091405 0.660587
-0.287595 -0.698128 -0.101094 0.647832
-0.285464 -0.709092 -0.111618 0.635012
-0.283669 -0.719276 -0.122909 0.622148
-0.282234 -0.728665 -0.134890 0.609258
-0.281178 -0.737256 -0.147481 0.596357
-0.280504 -0.745058 -0.160597 0.583450
-0.280211 -0.752090 -0.174150 0.570539
-0.280287 -0.758379 -0.188056 0.557616
-0.280715 -0.763961 -0.202233 0.544669
-0.281479 -0.768875 -0.216603 0.531680
-0.282558 -0.773162 -0.231097 0.518628
-0.283934 -0.776865 -0.245648 0.505490
-0.285592 -0.780021 -0.260198 0.492240
-0.287518 -0.782669 -0.274695 0.478858
-0.289702 -0.784840 -0.289093 0.465323
-0.292136 -0.786562 -0.303348 0.451616
-0.294815 -0.787858 -0.317427 0.437727
-0.297738 -0.788747 -0.331295 0.423644
-0.300905 -0.789243 -0.344925 0.409364
-0.304322 -0.789354 -0.358291 0.394886
-0.307993 -0.789088 -0.371373 0.380213
-0.311927 -0.788447 -0.384149 0.365352
-0.316134 -0.787430 -0.396603 0.350314
-0.320624 -0.786035 -0.408716 0.335111
-0.325411 -0.784260 -0.420473 0.319759
-0.330508 -0.782103 -0.431854 0.304274
-0.335928 -0.779561 -0.442838 0.288670
-0.341690 -0.776642 -0.453396 0.272961
-0.347813 -0.773359 -0.463481 0.257151
-0.354329 -0.769748 -0.473019 0.241229
-0.361287 -0.765885 -0.481867 0.225158
-0.368786 -0.761939 -0.489725 0.208840
-0.377030 -0.758362 -0.495828 0.192067
-0.386333 -0.756755 -0.497547 0.174689
-0.394408 -0.761894 -0.487843 0.161147
-0.397239 -0.771672 -0.471423 0.156471
-0.397310 -0.782033 -0.454373 0.155287
-0.395970 -0.792387 -0.437319 0.155184
-0.393692 -0.802639 -0.420300 0.155321
-0.390682 -0.812762 -0.403317 0.155308
-0.387046 -0.822742 -0.386377 0.154930
-0.382848 -0.832567 -0.369494 0.154056
-0.378129 -0.842223 -0.352691 0.152604
-0.372925 -0.851692 -0.335992 0.150524
-0.367267 -0.860955 -0.319419 0.147790
-0.361191 -0.869992 -0.302993 0.144392
-0.354734 -0.878781 -0.286728 0.140338
-0.347934 -0.887300 -0.270631 0.135646
-0.340835 -0.895528 -0.254701 0.130344
-0.333481 -0.903444 -0.238931 0.124468
-0.325917 -0.911029 -0.223305 0.118063
-0.318189 -0.918268 -0.207799 0.111176
-0.310340 -0.925143 -0.192386 0.103859
-0.302415 -0.931642 -0.177030 0.096169
-0.294453 -0.937752 -0.161695 0.088163
-0.286494 -0.943462 -0.146340 0.079902
-0.278575 -0.948763 -0.130923 0.071447
-0.270732 -0.953643 -0.115398 0.062865
-0.262999 -0.958095 -0.099722 0.054227
-0.255409 -0.962110 -0.083849 0.045609
-0.247995 -0.965679 -0.067731 0.037096
-0.240790 -0.968792 -0.051321 0.028784
-0.233828 -0.971441 -0.034571 0.020791
-0.227146 -0.973614 -0.017430 0.013258
-0.220782 -0.975302 0.000152 0.006369
-0.214780 -0.976492 0.018220 0.000372
-0.209190 -0.977172 0.036805 -0.004383
-0.204070 -0.977332 0.055892 -0.007387
-0.199486 -0.976969 0.075329 -0.007890
-0.195499 -0.976115 0.094638 -0.004878
-0.192108 -0.974869 0.112773 0.002593
-0.189145 -0.973410 0.128400 0.014539
-0.186276 -0.971885 0.140906 0.029761
-0.183168 -0.970333 0.150695 0.046835
-0.179605 -0.968718 0.158513 0.064815
-0.175471 -0.966986 0.165009 0.083188
-0.170711 -0.965090 0.170648 0.101678
-0.165309 -0.962993 0.175749 0.120127
-0.159269 -0.960665 0.180533 0.138434
-0.152605 -0.958086 0.185152 0.156533
-0.145343 -0.955238 0.189709 0.174375
-0.137512 -0.952109 0.194277 0.191924
-0.129143 -0.948691 0.198902 0.209154
-0.120270 -0.944977 0.203612 0.226043
-0.110926 -0.940963 0.208421 0.242578
-0.101144 -0.936647 0.213332 0.258750
-0.090956 -0.932028 0.218339 0.274554
-0.080391 -0.927105 0.223429 0.289987
-0.069478 -0.921881 0.228584 0.305055
-0.058245 -0.916356 0.233779 0.319761
-0.046718 -0.910532 0.238987 0.334116
-0.034921 -0.904413 0.244177 0.348131
-0.022877 -0.898000 0.249317 0.361820
-0.010611 -0.891295 0.254371 0.375200
0.001856 -0.884302 0.259305 0.388289
0.014500 -0.877021 0.264079 0.401106
0.027299 -0.869455 0.268659 0.413674
0.040230 -0.861604 0.273005 0.426014
0.053268 -0.853472 0.277081 0.438148
0.066388 -0.845059 0.280850 0.450100
0.079566 -0.836368 0.284279 0.461891
0.092774 -0.827399 0.287333 0.473543
0.105987 -0.818157 0.289983 0.485073
0.119178 -0.808644 0.292199 0.496499
0.132322 -0.798864 0.293957 0.507835
0.145392 -0.788824 0.295232 0.519092
0.158365 -0.778529 0.296007 0.530276
0.171221 -0.767989 0.296265 0.541391
0.183939 -0.757212 0.295993 0.552436
0.196503 -0.746208 0.295183 0.563407
0.208900 -0.734989 0.293829 0.574297
0.221120 -0.723566 0.291932 0.585093
0.233157 -0.711952 0.289493 0.595782
0.245008 -0.700159 0.286520 0.606346
0.256674 -0.688197 0.283024 0.616766
0.268158 -0.676079 0.279019 0.627022
0.279468 -0.663813 0.274524 0.637092
0.290611 -0.651407 0.269562 0.646955
0.301599 -0.638868 0.264157 0.656587
0.312445 -0.626200 0.258337 0.665969
0.323161 -0.613407 0.252130 0.675077
0.333762 -0.600491 0.245568 0.683893
0.344262 -0.587453 0.238682 0.692397
0.354677 -0.574294 0.231502 0.700569
0.365022 -0.561014 0.224059 0.708393
0.375312 -0.547614 0.216380 0.715848
0.385564 -0.534098 0.208491 0.722918
0.395792 -0.520471 0.200416 0.729584
0.406016 -0.506738 0.192174 0.735824
0.416253 -0.492912 0.183779 0.741617
0.426521 -0.479008 0.175243 0.746941
0.436842 -0.465045 0.166571 0.751768
0.447236 -0.451051 0.157764 0.756071
0.457724 -0.437057 0.148814 0.759819
0.468326 -0.423104 0.139709 0.762977
0.479061 -0.409240 0.130432 0.765513
0.489943 -0.395521 0.120955 0.767391
0.500979 -0.382012 0.111246 0.768577
0.512169 -0.368786 0.101268 0.769041
0.523498 -0.355919 0.090975 0.768762
0.534936 -0.343488 0.080321 0.767729
0.546436 -0.331564 0.069262 0.765948
0.557935 -0.320206 0.057756 0.763440
0.569357 -0.309448 0.045775 0.760249
0.580622 -0.299297 0.033309 0.756432
0.591654 -0.289726 0.020368 0.752056
0.602394 -0.280681 0.006986 0.747189
0.612801 -0.272083 -0.006785 0.741890
0.622859 -0.263840 -0.020876 0.736206
0.632574 -0.255857 -0.035208 0.730169
0.641970 -0.248039 -0.049699 0.723797
0.651079 -0.240299 -0.064265 0.717093
0.659942 -0.232558 -0.078825 0.710057
0.668600 -0.224745 -0.093301 0.702680
0.677093 -0.216798 -0.107619 0.694954
0.685456 -0.208664 -0.121711 0.686874
0.693718 -0.200296 -0.135512 0.678435
0.701901 -0.191653 -0.148963 0.669637
0.710021 -0.182705 -0.162010 0.660487
0.718085 -0.173427 -0.174607 0.650991
0.726098 -0.163802 -0.186711 0.641163
0.734058 -0.153823 -0.198289 0.631014
0.741961 -0.143491 -0.209309 0.620560
0.749802 -0.132815 -0.219746 0.609811
0.757576 -0.121808 -0.229577 0.598778
0.765280 -0.110495 -0.238783 0.587470
0.772911 -0.098902 -0.247341 0.575890
0.780472 -0.087062 -0.255227 0.564042
0.787967 -0.075008 -0.262414 0.551925
0.795403 -0.062778 -0.268869 0.539539
0.802790 -0.050411 -0.274552 0.526885
0.810138 -0.037945 -0.279417 0.513967
0.817459 -0.025419 -0.283407 0.500794
0.824763 -0.012874 -0.286460 0.487383
0.832057 -0.000348 -0.288504 0.473758
0.839346 0.012121 -0.289460 0.459961
0.846629 0.024497 -0.289242 0.446047
0.853899 0.036747 -0.287757 0.432091
0.861135 0.048844 -0.284902 0.418201
0.868305 0.060776 -0.280570 0.404516
0.875353 0.072547 -0.274641 0.391237
0.882190 0.084197 -0.266986 0.378644
0.888665 0.095819 -0.257477 0.367151
0.894527 0.107577 -0.246021 0.357384
0.899358 0.119701 -0.232695 0.350256
0.902555 0.132401 -0.218028 0.346884
0.903524 0.145682 -0.203228 0.348023
0.902089 0.159320 -0.189745 0.353339
0.901563 0.161914 -0.187484 0.354708