0.453759 -0.618441 0.554113 0.325703
0.473780 -0.603241 0.535505 0.355469
0.493292 -0.587393 0.515300 0.384174
0.512274 -0.570914 0.493558 0.411734
0.530706 -0.553822 0.470344 0.438065
0.548568 -0.536135 0.445726 0.463090
0.565841 -0.517872 0.419780 0.486733
0.582506 -0.499053 0.392581 0.508925
0.598546 -0.479698 0.364211 0.529598
0.613942 -0.459828 0.334755 0.548692
0.628680 -0.439464 0.304300 0.566150
0.642742 -0.418628 0.272938 0.581918
0.656114 -0.397343 0.240762 0.595951
0.668782 -0.375630 0.207867 0.608207
0.680731 -0.353515 0.174353 0.618648
0.691949 -0.331020 0.140318 0.627244
0.702424 -0.308169 0.105865 0.633969
0.712144 -0.284987 0.071096 0.638803
0.721100 -0.261499 0.036115 0.641732
0.729281 -0.237731 0.001026 0.642746
0.736679 -0.213707 -0.034065 0.641844
0.743286 -0.189453 -0.069055 0.639027
0.749095 -0.164996 -0.103840 0.634304
0.754099 -0.140362 -0.138314 0.627689
0.758293 -0.115577 -0.172376 0.619202
0.761673 -0.090668 -0.205924 0.608867
0.764235 -0.065662 -0.238857 0.596717
0.765976 -0.040585 -0.271078 0.582787
0.766895 -0.015465 -0.302491 0.567119
0.766990 0.009673 -0.333001 0.549759
0.766261 0.034799 -0.362518 0.530759
0.764709 0.059889 -0.390953 0.510176
0.762336 0.084914 -0.418223 0.488071
0.759145 0.109847 -0.444245 0.464511
0.755138 0.134663 -0.468942 0.439565
0.750320 0.159334 -0.492240 0.413308
0.744696 0.183834 -0.514070 0.385818
0.738272 0.208137 -0.534367 0.357177
0.731056 0.232216 -0.553070 0.327471
0.723054 0.256046 -0.570123 0.296789
0.714276 0.279601 -0.585476 0.265221
0.704731 0.302855 -0.599082 0.232862
0.694429 0.325784 -0.610902 0.199808
0.683381 0.348364 -0.620899 0.166158
0.671599 0.370569 -0.629044 0.132013
0.659096 0.392376 -0.635313 0.097474
0.645885 0.413762 -0.639687 0.062644
0.631981 0.434704 -0.642153 0.027628
0.617398 0.455178 -0.642704 -0.007471
0.602151 0.475164 -0.641337 -0.042548
0.586258 0.494640 -0.638058 -0.077498
0.569736 0.513584 -0.632876 -0.112216
0.552601 0.531976 -0.625805 -0.146600
0.534873 0.549798 -0.616869 -0.180547
0.516571 0.567029 -0.606092 -0.213955
0.497714 0.583651 -0.593507 -0.246725
0.478322 0.599646 -0.579152 -0.278759
0.458417 0.614997 -0.563070 -0.309962
0.438019 0.629688 -0.545308 -0.340240
0.417151 0.643702 -0.525920 -0.369503
0.395835 0.657025 -0.504963 -0.397664
0.374093 0.669643 -0.482500 -0.424639
0.351950 0.681541 -0.458597 -0.450347
0.329429 0.692707 -0.433327 -0.474712
0.306555 0.703130 -0.406764 -0.497662
0.283351 0.712797 -0.378988 -0.519126
0.259842 0.721699 -0.350082 -0.539043
0.236055 0.729825 -0.320131 -0.557351
0.212014 0.737168 -0.289225 -0.573997
0.187746 0.743719 -0.257457 -0.588931
0.163275 0.749472 -0.224921 -0.602108
0.138630 0.754419 -0.191714 -0.613490
0.113835 0.758557 -0.157935 -0.623041
0.088919 0.761880 -0.123685 -0.630735
0.063906 0.764384 -0.089066 -0.636546
0.038826 0.766068 -0.054182 -0.640460
0.013703 0.766928 -0.019136 -0.642462
-0.011434 0.766966 0.015968 -0.642549
-0.036559 0.766179 0.051023 -0.640719
-0.061645 0.764570 0.085927 -0.636978
-0.086664 0.762139 0.120574 -0.631337
-0.111591 0.758890 0.154861 -0.623813
-0.136397 0.754826 0.188687 -0.614428
-0.161057 0.749952 0.221949 -0.603210
-0.185544 0.744272 0.254550 -0.590193
-0.209832 0.737792 0.286392 -0.575416
-0.233895 0.730521 0.317379 -0.558923
-0.257706 0.722464 0.347419 -0.540762
-0.281241 0.713632 0.376424 -0.520989
-0.304473 0.704033 0.404305 -0.499661
-0.327379 0.693679 0.430981 -0.476843
-0.349932 0.682579 0.456371 -0.452603
-0.372111 0.670746 0.480400 -0.427013
-0.393889 0.658193 0.502996 -0.400149
-0.415244 0.644933 0.524091 -0.372092
-0.436154 0.630981 0.543624 -0.342925
-0.456595 0.616350 0.561535 -0.312734
-0.476546 0.601058 0.577771 -0.281612
-0.495985 0.585121 0.592283 -0.249649
-0.514891 0.568555 0.605029 -0.216941
-0.533244 0.551378 0.615971 -0.183587
-0.551025 0.533609 0.625075 -0.149684
-0.568214 0.515267 0.632315 -0.115336
-0.584792 0.496372 0.637668 -0.080643
-0.600743 0.476943 0.641120 -0.045710
-0.616048 0.457003 0.642659 -0.010640
-0.630692 0.436571 0.642282 0.024461
-0.644658 0.415671 0.639988 0.059489
-0.657932 0.394325 0.635786 0.094340
-0.670500 0.372554 0.629687 0.128910
-0.682347 0.350384 0.621711 0.163095
-0.693462 0.327838 0.611879 0.196793
-0.703832 0.304939 0.600223 0.229905
-0.713446 0.281713 0.586777 0.262331
-0.722294 0.258184 0.571580 0.293974
-0.730366 0.234378 0.554678 0.324740
-0.737653 0.210320 0.536122 0.354538
-0.744149 0.186037 0.515967 0.383279
-0.749845 0.161554 0.494272 0.410876
-0.754736 0.136897 0.471104 0.437247
-0.758816 0.112093 0.446530 0.462315
-0.762082 0.087169 0.420624 0.486003
-0.764529 0.062151 0.393464 0.508242
-0.766155 0.037066 0.365130 0.528965
-0.766958 0.011942 0.335708 0.548110
-0.766937 -0.013196 0.305283 0.565620
-0.766093 -0.038319 0.273948 0.581443
-0.764426 -0.063401 0.241796 0.595532
-0.761938 -0.088414 0.208923 0.607845
-0.758632 -0.113333 0.175427 0.618344
-0.754511 -0.138130 0.141407 0.626999
-0.749580 -0.162779 0.106966 0.633784
-0.743844 -0.187253 0.072206 0.638679
-0.737308 -0.211526 0.037230 0.641668
-0.729981 -0.235572 0.002143 0.642744
-0.721870 -0.259365 -0.032950 0.641902
-0.712984 -0.282879 -0.067945 0.639146
-0.703332 -0.306089 -0.102737 0.634483
-0.692925 -0.328971 -0.137223 0.627928
-0.681774 -0.351499 -0.171300 0.619500
-0.669890 -0.373650 -0.204865 0.609224
-0.657287 -0.395400 -0.237820 0.597131
-0.643978 -0.416725 -0.270065 0.583257
-0.629977 -0.437602 -0.301505 0.567643
-0.615300 -0.458009 -0.332045 0.550336
-0.599962 -0.477925 -0.361595 0.531388
-0.583980 -0.497327 -0.390066 0.510854
-0.567370 -0.516195 -0.417374 0.488797
-0.550152 -0.534509 -0.443437 0.465282
-0.532342 -0.552249 -0.468178 0.440379
-0.513961 -0.569396 -0.491522 0.414162
-0.495027 -0.585931 -0.513399 0.386711
-0.475562 -0.601837 -0.533746 0.358105
-0.455587 -0.617096 -0.552500 0.328432
-0.435122 -0.631693 -0.569607 0.297779
-0.414189 -0.645611 -0.585014 0.266237
-0.392812 -0.658836 -0.598677 0.233902
-0.371013 -0.671354 -0.610554 0.200869
-0.348816 -0.683150 -0.620609 0.167237
-0.326244 -0.694213 -0.628814 0.133106
-0.303322 -0.704530 -0.635143 0.098578
-0.280073 -0.714091 -0.639577 0.063756
-0.256524 -0.722885 -0.642104 0.028743
-0.232700 -0.730902 -0.642716 -0.006355
-0.208626 -0.738134 -0.641410 -0.041434
-0.184327 -0.744574 -0.638192 -0.076389
-0.159831 -0.750214 -0.633070 -0.111117
-0.135163 -0.755048 -0.626059 -0.145513
-0.110350 -0.759072 -0.617181 -0.179475
-0.085418 -0.762280 -0.606463 -0.212902
-0.060395 -0.764670 -0.593935 -0.245694
-0.035306 -0.766238 -0.579636 -0.277753
-0.010180 -0.766983 -0.563608 -0.308983
0.014957 -0.766905 -0.545898 -0.339292
0.040078 -0.766003 -0.526561 -0.368589
0.065156 -0.764279 -0.505653 -0.396786
0.090164 -0.761733 -0.483236 -0.423800
0.115075 -0.758370 -0.459379 -0.449550
0.139863 -0.754192 -0.434151 -0.473959
0.164500 -0.749204 -0.407628 -0.496954
0.188961 -0.743411 -0.379889 -0.518467
0.213219 -0.736821 -0.351018 -0.538434
0.237248 -0.729438 -0.321099 -0.556794
0.261022 -0.721273 -0.290222 -0.573494
0.284516 -0.712333 -0.258480 -0.588483
0.307704 -0.702627 -0.225967 -0.601717
0.330562 -0.692168 -0.192779 -0.613156
0.353064 -0.680964 -0.159017 -0.622766
0.375188 -0.669030 -0.124781 -0.630519
0.396908 -0.656377 -0.090172 -0.636391
0.418203 -0.643019 -0.055294 -0.640364
0.439048 -0.628971 -0.020252 -0.642428
0.459421 -0.614247 0.014851 -0.642576
0.479302 -0.598863 0.049910 -0.640807
0.498667 -0.582836 0.084820 -0.637126
0.517497 -0.566183 0.119477 -0.631545
0.535771 -0.548923 0.153777 -0.624081
0.553470 -0.531072 0.187619 -0.614755
0.570575 -0.512652 0.220901 -0.603595
0.587066 -0.493680 0.253524 -0.590635
0.602927 -0.474179 0.285392 -0.575913
0.618141 -0.454168 0.316407 -0.559473
0.632691 -0.433670 0.346479 -0.541365
0.646561 -0.412706 0.375518 -0.521642
0.659737 -0.391298 0.403437 -0.500363
0.672204 -0.369471 0.430152 -0.477591
0.683950 -0.347246 0.455584 -0.453395
0.694961 -0.324649 0.479657 -0.427847
0.705225 -0.301703 0.502300 -0.401022
0.714732 -0.278433 0.523444 -0.373002
0.723472 -0.254864 0.543027 -0.343868
0.731434 -0.231021 0.560991 -0.313709
0.738612 -0.206930 0.577281 -0.282615
0.744995 -0.182617 0.591849 -0.250677
0.750579 -0.158107 0.604652 -0.217992
0.755357 -0.133428 0.615651 -0.184656
0.759323 -0.108606 0.624814 -0.150770
0.762474 -0.083667 0.632113 -0.116434
0.764806 -0.058638 0.637527 -0.081751
0.766317 -0.033546 0.641039 -0.046824
0.767005 -0.008419 0.642640 -0.011757
0.766869 0.016718 0.642323 0.023345
0.765909 0.041837 0.640091 0.058377
0.764127 0.066911 0.635949 0.093236
0.761524 0.091913 0.629910 0.127816
0.758103 0.116817 0.621993 0.162014
0.753869 0.141595 0.612220 0.195730
0.748824 0.166221 0.600622 0.228862
0.742976 0.190668 0.587231 0.261311
0.736329 0.214911 0.572090 0.292980
0.728892 0.238923 0.555241 0.323776
0.720671 0.262678 0.536737 0.353606
0.711677 0.286151 0.516632 0.382382
0.701919 0.309317 0.494985 0.410016
0.691407 0.332150 0.471863 0.436428
0.680152 0.354627 0.447333 0.461538
0.668167 0.376723 0.421468 0.485272
0.655464 0.398415 0.394347 0.507558
0.642057 0.419678 0.366049 0.528330
0.627961 0.440491 0.336659 0.547526
0.613190 0.460831 0.306265 0.565089
0.597761 0.480676 0.274958 0.580967
0.581689 0.500005 0.242831 0.595111
0.564993 0.518796 0.209979 0.607481
0.547691 0.537031 0.176501 0.618038
0.529800 0.554688 0.142496 0.626753
0.511340 0.571750 0.108067 0.633597
0.492331 0.588198 0.073315 0.638552
0.472793 0.604015 0.038344 0.641602
0.452747 0.619182 0.003260 0.642739
0.432215 0.633685 -0.031835 0.641958
0.411219 0.647507 -0.066835 0.639263
0.389782 0.660634 -0.101635 0.634661
0.367926 0.673051 -0.136132 0.628166
0.345674 0.684745 -0.170223 0.619797
0.323052 0.695704 -0.203807 0.609579
0.300082 0.705916 -0.236782 0.597543
0.276790 0.715370 -0.269052 0.583725
0.253201 0.724055 -0.300518 0.568166
0.229340 0.731963 -0.331089 0.550912
0.205233 0.739085 -0.360671 0.532015
0.180905 0.745413 -0.389178 0.511531
0.156383 0.750940 -0.416525 0.489521
0.131693 0.755661 -0.442628 0.466052
0.106862 0.759571 -0.467412 0.441192
0.081916 0.762664 -0.490801 0.415016
0.056881 0.764939 -0.512727 0.387602
0.031786 0.766392 -0.533123 0.359032
0.006657 0.767022 -0.551929 0.329391
-0.018480 0.766828 -0.569089 0.298768
-0.043596 0.765811 -0.584551 0.267253
-0.068666 0.763971 -0.598270 0.234942
-0.093662 0.761311 -0.610204 0.201929
-0.118558 0.757833 -0.620318 0.168315
-0.143326 0.753541 -0.628582 0.134198
-0.167940 0.748440 -0.634971 0.099681
-0.192374 0.742536 -0.639466 0.064867
-0.216601 0.735833 -0.642053 0.029859
-0.240596 0.728341 -0.642726 -0.005238
-0.264332 0.720066 -0.641481 -0.040319
-0.287785 0.711018 -0.638324 -0.075280
-0.310928 0.701207 -0.633262 -0.110017
-0.333737 0.690642 -0.626311 -0.144425
-0.356188 0.679336 -0.617492 -0.178403
-0.378257 0.667300 -0.606831 -0.211848
-0.399919 0.654547 -0.594361 -0.244662
-0.421152 0.641091 -0.580117 -0.276745
-0.441932 0.626947 -0.564143 -0.308004
-0.462238 0.612130 -0.546487 -0.338343
-0.482048 0.596655 -0.527200 -0.367673
-0.501339 0.580539 -0.506341 -0.395907
-0.520092 0.563800 -0.483972 -0.422960
-0.538287 0.546456 -0.460159 -0.448751
-0.555904 0.528524 -0.434974 -0.473204
-0.572923 0.510025 -0.408491 -0.496245
-0.589328 0.490978 -0.380789 -0.517806
-0.605099 0.471404 -0.351952 -0.537823
-0.620221 0.451324 -0.322065 -0.556235
-0.634676 0.430759 -0.291218 -0.572989
-0.648450 0.409731 -0.259502 -0.588033
-0.661527 0.388264 -0.227012 -0.601323
-0.673894 0.366379 -0.193844 -0.612820
-0.685538 0.344101 -0.160099 -0.622489
-0.696445 0.321453 -0.125876 -0.630301
-0.706604 0.298460 -0.091277 -0.636233
-0.716004 0.275147 -0.056407 -0.640267
-0.724635 0.251538 -0.021368 -0.642392
-0.732488 0.227658 0.013735 -0.642600
-0.739554 0.203535 0.048797 -0.640892
-0.745826 0.179193 0.083713 -0.637272
-0.751297 0.154658 0.118379 -0.631752
-0.755962 0.129957 0.152693 -0.624347
-0.759814 0.105117 0.186551 -0.615080
-0.762850 0.080164 0.219852 -0.603978
-0.765067 0.055124 0.252498 -0.591074
-0.766463 0.030026 0.284391 -0.576408
-0.767035 0.004895 0.315435 -0.560022
-0.766784 -0.020241 0.345538 -0.541966
-0.765709 -0.045355 0.374611 -0.522293
-0.763811 -0.070421 0.402567 -0.501063
-0.761094 -0.095411 0.429321 -0.478338
-0.757559 -0.120298 0.454796 -0.454186
-0.753210 -0.145056 0.478913 -0.428680
-0.748053 -0.169659 0.501602 -0.401894
-0.742092 -0.194079 0.522795 -0.373910
-0.735334 -0.218291 0.542429 -0.344811
-0.727786 -0.242268 0.560445 -0.314684
-0.719457 -0.265985 0.576789 -0.283617
-0.710355 -0.289417 0.591412 -0.251705
0.467224 0.608333 0.541829 -0.345753
0.447040 0.623316 0.559897 -0.315657
0.426376 0.637629 0.576295 -0.284619
0.405254 0.651258 0.590974 -0.252732
0.383696 0.664187 0.603891 -0.220091
0.361727 0.676403 0.615006 -0.186794
0.339369 0.687892 0.624286 -0.152940
0.316647 0.698643 0.631705 -0.118630
0.293584 0.708643 0.637239 -0.083965
0.270207 0.717883 0.640873 -0.049050
0.246539 0.726351 0.642595 -0.013989
0.222606 0.734039 0.642400 0.021113
0.198434 0.740939 0.640290 0.056153
0.174049 0.747043 0.636269 0.091025
0.149478 0.752345 0.630351 0.125626
0.124745 0.756839 0.622552 0.159852
0.099879 0.760520 0.612897 0.193602
0.074906 0.763385 0.601413 0.226774
0.049852 0.765429 0.588136 0.259269
0.024744 0.766652 0.573104 0.290991
-0.000390 0.767051 0.556363 0.321845
-0.025524 0.766626 0.537962 0.351739
-0.050630 0.765378 0.517957 0.380584
-0.075682 0.763308 0.496407 0.408294
-0.100652 0.760418 0.473376 0.434786
-0.125515 0.756712 0.448933 0.459981
-0.150243 0.752193 0.423152 0.483804
-0.174809 0.746866 0.396108 0.506184
-0.199188 0.740737 0.367882 0.527055
-0.223352 0.733812 0.338560 0.546353
-0.247277 0.726100 0.308227 0.564021
-0.270936 0.717607 0.276975 0.580008
-0.294305 0.708344 0.244897 0.594264
-0.317357 0.698321 0.212088 0.606748
-0.340068 0.687547 0.178647 0.617421
-0.362414 0.676035 0.144673 0.626254
-0.384371 0.663796 0.110268 0.633218
-0.405916 0.650845 0.075533 0.638294
-0.427024 0.637195 0.040573 0.641465
-0.447673 0.622861 0.005493 0.642724
-0.467842 0.607857 -0.029604 0.642065
-0.487509 0.592201 -0.064613 0.639491
-0.506651 0.575909 -0.099429 0.635010
-0.525250 0.558998 -0.133949 0.628635
-0.543285 0.541487 -0.168069 0.620384
-0.560736 0.523395 -0.201688 0.610284
-0.577585 0.504740 -0.234705 0.598363
-0.593813 0.485544 -0.267022 0.584657
-0.609404 0.465825 -0.298542 0.569207
-0.624341 0.445607 -0.329173 0.552059
-0.638607 0.424910 -0.358821 0.533265
-0.652187 0.403757 -0.387399 0.512880
-0.665066 0.382170 -0.414821 0.490966
-0.677232 0.360172 -0.441006 0.467587
-0.688670 0.337788 -0.465876 0.442813
-0.699368 0.315041 -0.489356 0.416718
-0.709316 0.291956 -0.511377 0.389381
-0.718501 0.268557 -0.531872 0.360882
-0.726915 0.244870 -0.550781 0.331307
-0.734549 0.220920 -0.568047 0.300743
-0.741393 0.196732 -0.583619 0.269283
-0.747441 0.172333 -0.597450 0.237019
-0.752687 0.147749 -0.609498 0.204048
-0.757124 0.123007 -0.619729 0.170469
-0.760748 0.098132 -0.628112 0.136381
-0.763555 0.073152 -0.634621 0.101886
-0.765542 0.048094 -0.639236 0.067088
-0.766706 0.022983 -0.641946 0.032089
-0.767048 -0.002152 -0.642740 -0.003005
-0.766565 -0.027284 -0.641618 -0.038090
-0.765260 -0.052388 -0.638581 -0.073062
-0.763132 -0.077435 -0.633640 -0.107816
-0.760185 -0.102399 -0.626809 -0.142248
-0.756422 -0.127253 -0.618108 -0.176256
-0.751846 -0.151970 -0.607564 -0.209738
-0.746463 -0.176524 -0.595207 -0.242595
-0.740278 -0.200888 -0.581075 -0.274728
-0.733298 -0.225037 -0.565210 -0.306042
-0.725530 -0.248944 -0.547659 -0.336442
-0.716983 -0.272584 -0.528475 -0.365840
-0.707667 -0.295931 -0.507714 -0.394146
-0.697590 -0.318960 -0.485439 -0.421276
-0.686764 -0.341646 -0.461715 -0.447150
-0.675200 -0.363966 -0.436615 -0.471690
-0.662912 -0.385895 -0.410212 -0.494823
-0.649911 -0.407409 -0.382586 -0.516480
-0.636213 -0.428486 -0.353819 -0.536597
-0.621831 -0.449103 -0.323996 -0.555113
-0.606781 -0.469237 -0.293207 -0.571973
-0.591080 -0.488867 -0.261543 -0.587128
-0.574744 -0.507973 -0.229100 -0.600531
-0.557791 -0.526533 -0.195972 -0.612143
-0.540238 -0.544527 -0.162261 -0.621929
-0.522106 -0.561936 -0.128065 -0.629860
-0.503412 -0.578743 -0.093487 -0.635912
-0.484179 -0.594927 -0.058631 -0.640068
-0.464425 -0.610473 -0.023600 -0.642314
-0.444172 -0.625363 0.011502 -0.642644
-0.423442 -0.639581 0.046570 -0.641058
-0.402258 -0.653112 0.081498 -0.637559
-0.380641 -0.665942 0.116184 -0.632159
-0.358616 -0.678057 0.150523 -0.624874
-0.336206 -0.689444 0.184412 -0.615724
-0.313434 -0.700090 0.217752 -0.604738
-0.290326 -0.709984 0.250443 -0.591948
-0.266906 -0.719116 0.282386 -0.577393
-0.243200 -0.727476 0.313487 -0.561115
-0.219232 -0.735054 0.343653 -0.543163
-0.195029 -0.741843 0.372794 -0.523592
-0.170616 -0.747835 0.400823 -0.502459
-0.146020 -0.753024 0.427657 -0.479827
-0.121268 -0.757404 0.453215 -0.455763
-0.096385 -0.760971 0.477421 -0.430341
-0.071398 -0.763721 0.500203 -0.403635
-0.046335 -0.765650 0.521493 -0.375725
-0.021222 -0.766757 0.541228 -0.346694
0.003913 -0.767041 0.559348 -0.316629
0.029045 -0.766501 0.575800 -0.285620
0.054145 -0.765137 0.590534 -0.253758
0.079187 -0.762952 0.603507 -0.221140
0.104144 -0.759948 0.614680 -0.187862
0.128990 -0.756127 0.624020 -0.154024
0.153696 -0.751495 0.631498 -0.119727
0.178238 -0.746055 0.637092 -0.085072
0.202588 -0.739814 0.640787 -0.050164
0.226721 -0.732779 0.642570 -0.015106
0.250610 -0.724956 0.642436 0.019997
0.274230 -0.716355 0.640386 0.055041
0.297555 -0.706985 0.636426 0.089920
0.320561 -0.696855 0.630568 0.124531
0.343223 -0.685977 0.622829 0.158771
0.365516 -0.674363 0.613232 0.192537
0.387416 -0.662024 0.601806 0.225728
0.408901 -0.648974 0.588585 0.258247
0.429946 -0.635227 0.573609 0.289995
0.450530 -0.620798 0.556921 0.320878
0.453759 -0.618441 0.554113 0.325703