0.478375 0.566771 -0.667102 -0.075369
0.459331 0.582312 -0.663121 -0.104765
0.439783 0.597212 -0.657846 -0.133957
0.419752 0.611457 -0.651286 -0.162887
0.399260 0.625031 -0.643454 -0.191499
0.378330 0.637917 -0.634367 -0.219737
0.356984 0.650103 -0.624040 -0.247546
0.335246 0.661576 -0.612496 -0.274871
0.313139 0.672321 -0.599755 -0.301660
0.290689 0.682328 -0.585844 -0.327860
0.267919 0.691586 -0.570788 -0.353420
0.244856 0.700084 -0.554619 -0.378290
0.221523 0.707813 -0.537366 -0.402421
0.197947 0.714765 -0.519064 -0.425767
0.174154 0.720932 -0.499749 -0.448281
0.150169 0.726307 -0.479458 -0.469920
0.126019 0.730884 -0.458231 -0.490642
0.101731 0.734658 -0.436109 -0.510406
0.077331 0.737626 -0.413136 -0.529173
0.052847 0.739783 -0.389356 -0.546907
0.028304 0.741128 -0.364816 -0.563573
0.003730 0.741659 -0.339564 -0.579139
-0.020848 0.741375 -0.313649 -0.593574
-0.045403 0.740277 -0.287121 -0.606850
-0.069908 0.738366 -0.260033 -0.618941
-0.094337 0.735644 -0.232437 -0.629824
-0.118661 0.732114 -0.204387 -0.639477
-0.142856 0.727780 -0.175938 -0.647882
-0.166893 0.722647 -0.147146 -0.655022
-0.190748 0.716720 -0.118067 -0.660882
-0.214392 0.710005 -0.088756 -0.665453
-0.237802 0.702511 -0.059273 -0.668724
-0.260950 0.694246 -0.029674 -0.670690
-0.283811 0.685218 -0.000017 -0.671346
-0.306361 0.675437 0.029640 -0.670691
-0.328574 0.664914 0.059239 -0.668727
-0.350427 0.653661 0.088723 -0.665457
-0.371894 0.641690 0.118033 -0.660888
-0.392953 0.629015 0.147113 -0.655029
-0.413581 0.615648 0.175906 -0.647891
-0.433754 0.601606 0.204355 -0.639487
-0.453451 0.586902 0.232405 -0.629836
-0.472650 0.571554 0.260002 -0.618954
-0.491329 0.555578 0.287091 -0.606864
-0.509469 0.538992 0.313619 -0.593589
-0.527050 0.521814 0.339535 -0.579156
-0.544052 0.504063 0.364788 -0.563591
-0.560456 0.485759 0.389329 -0.546926
-0.576244 0.466920 0.413110 -0.529194
-0.591400 0.447569 0.436084 -0.510428
-0.605906 0.427727 0.458206 -0.490665
-0.619746 0.407414 0.479434 -0.469945
-0.632906 0.386654 0.499726 -0.448306
-0.645371 0.365470 0.519043 -0.425793
-0.657127 0.343884 0.537346 -0.402448
-0.668161 0.321920 0.554600 -0.378318
-0.678461 0.299603 0.570771 -0.353449
-0.688017 0.276957 0.585827 -0.327890
-0.696816 0.254006 0.599740 -0.301690
-0.704850 0.230777 0.612482 -0.274902
-0.712110 0.207294 0.624028 -0.247577
-0.718588 0.183583 0.634356 -0.219769
-0.724277 0.159671 0.643445 -0.191531
-0.729170 0.135583 0.651278 -0.162919
-0.733262 0.111347 0.657839 -0.133990
-0.736549 0.086988 0.663116 -0.104799
-0.739027 0.062534 0.667098 -0.075403
-0.740694 0.038011 0.669778 -0.045860
-0.741546 0.013446 0.671150 -0.016227
-0.741585 -0.011134 0.671211 0.013437
-0.740809 -0.035701 0.669963 0.043075
-0.739219 -0.060229 0.667406 0.072629
-0.736817 -0.084691 0.663546 0.102041
-0.733606 -0.109060 0.658390 0.131254
-0.729589 -0.133309 0.651949 0.160211
-0.724771 -0.157412 0.644235 0.188854
-0.719157 -0.181342 0.635264 0.217129
-0.712753 -0.205072 0.625052 0.244981
-0.705566 -0.228578 0.613619 0.272353
-0.697605 -0.251832 0.600989 0.299195
-0.688877 -0.274810 0.587185 0.325452
-0.679392 -0.297486 0.572235 0.351073
-0.669162 -0.319835 0.556168 0.376009
-0.658196 -0.341833 0.539014 0.400211
-0.646507 -0.363456 0.520808 0.423632
-0.634109 -0.384679 0.501586 0.446225
-0.621014 -0.405480 0.481384 0.467947
-0.607236 -0.425835 0.460242 0.488756
-0.592792 -0.445723 0.438202 0.508610
-0.577697 -0.465121 0.415306 0.527472
-0.561967 -0.484009 0.391599 0.545303
-0.545621 -0.502365 0.367128 0.562070
-0.528674 -0.520169 0.341940 0.577739
-0.511147 -0.537401 0.316084 0.592280
-0.493059 -0.554044 0.289611 0.605665
-0.474429 -0.570078 0.262573 0.617868
-0.455279 -0.585485 0.235022 0.628864
-0.435628 -0.600250 0.207012 0.638632
-0.415498 -0.614356 0.178598 0.647154
-0.394913 -0.627786 0.149835 0.654412
-0.373893 -0.640528 0.120780 0.660392
-0.352463 -0.652565 0.091489 0.665083
-0.330646 -0.663886 0.062019 0.668475
-0.308466 -0.674478 0.032428 0.670562
-0.285946 -0.684329 0.002774 0.671340
-0.263113 -0.693429 -0.026885 0.670807
-0.239991 -0.701767 -0.056492 0.668965
-0.216605 -0.709334 -0.085989 0.665816
-0.192981 -0.716122 -0.115318 0.661368
-0.169146 -0.722123 -0.144422 0.655628
-0.145124 -0.727331 -0.173243 0.648608
-0.120944 -0.731741 -0.201727 0.640321
-0.096630 -0.735347 -0.229817 0.630785
-0.072210 -0.738145 -0.257458 0.620017
-0.047711 -0.740132 -0.284596 0.608038
-0.023159 -0.741307 -0.311178 0.594872
0.001418 -0.741667 -0.337153 0.580545
0.025993 -0.741213 -0.362470 0.565085
0.050540 -0.739944 -0.387079 0.548521
0.075031 -0.737863 -0.410933 0.530886
0.099440 -0.734972 -0.433984 0.512214
0.123740 -0.731273 -0.456187 0.492543
0.147903 -0.726771 -0.477500 0.471910
0.171905 -0.721471 -0.497881 0.450355
0.195717 -0.715379 -0.517290 0.427921
0.219315 -0.708500 -0.535688 0.404652
0.242672 -0.700844 -0.553041 0.380593
0.265762 -0.692418 -0.569314 0.355790
0.288560 -0.683231 -0.584476 0.330293
0.311041 -0.673294 -0.598496 0.304151
0.333181 -0.662618 -0.611348 0.277415
0.354955 -0.651213 -0.623006 0.250138
0.376339 -0.639094 -0.633448 0.222372
0.397309 -0.626272 -0.642653 0.194172
0.417844 -0.612763 -0.650603 0.165593
0.437919 -0.598581 -0.657283 0.136691
0.457513 -0.583741 -0.662680 0.107521
0.476605 -0.568260 -0.666783 0.078142
0.495173 -0.552155 -0.669584 0.048610
0.513198 -0.535443 -0.671077 0.018984
0.530659 -0.518144 -0.671261 -0.010680
0.547537 -0.500275 -0.670134 -0.040323
0.563813 -0.481857 -0.667698 -0.069887
0.579471 -0.462910 -0.663959 -0.099315
0.594492 -0.443454 -0.658924 -0.128549
0.608860 -0.423511 -0.652602 -0.157532
0.622559 -0.403103 -0.645006 -0.186207
0.635574 -0.382252 -0.636150 -0.214519
0.647892 -0.360982 -0.626053 -0.242411
0.659498 -0.339315 -0.614733 -0.269831
0.670379 -0.317275 -0.602213 -0.296724
0.680524 -0.294887 -0.588517 -0.323037
0.689922 -0.272175 -0.573672 -0.348720
0.698562 -0.249164 -0.557707 -0.373722
0.706435 -0.225879 -0.540653 -0.397994
0.713532 -0.202347 -0.522544 -0.421489
0.719845 -0.178592 -0.503414 -0.444161
0.725368 -0.154640 -0.483302 -0.465966
0.730094 -0.130519 -0.462246 -0.486862
0.734018 -0.106255 -0.440287 -0.506806
0.737135 -0.081874 -0.417469 -0.525761
0.739444 -0.057403 -0.393835 -0.543690
0.740940 -0.032869 -0.369433 -0.560557
0.741622 -0.008299 -0.344310 -0.576330
0.741490 0.016280 -0.318514 -0.590977
0.740543 0.040842 -0.292096 -0.604471
0.738783 0.065358 -0.265108 -0.616784
0.736211 0.089803 -0.237602 -0.627894
0.732831 0.114149 -0.209633 -0.637777
0.728647 0.138370 -0.181254 -0.646415
0.723661 0.162438 -0.152522 -0.653791
0.717881 0.186329 -0.123491 -0.659890
0.711313 0.210014 -0.094219 -0.664701
0.703963 0.233469 -0.064764 -0.668215
0.695840 0.256668 -0.035182 -0.670423
0.686953 0.279585 -0.005531 -0.671323
0.677311 0.302194 0.024130 -0.670912
0.666926 0.324472 0.053745 -0.669191
0.655808 0.346393 0.083254 -0.666164
0.643969 0.367934 0.112601 -0.661836
0.631424 0.389071 0.141728 -0.656215
0.618184 0.409780 0.170578 -0.649314
0.604266 0.430040 0.199095 -0.641144
0.589685 0.449827 0.227224 -0.631723
0.574455 0.469120 0.254909 -0.621069
0.558595 0.487897 0.282096 -0.609202
0.542121 0.506139 0.308733 -0.596145
0.525051 0.523825 0.334766 -0.581925
0.507405 0.540936 0.360146 -0.566568
0.489202 0.557452 0.384823 -0.550106
0.470461 0.573357 0.408749 -0.532569
0.451204 0.588631 0.431876 -0.513992
0.431451 0.603259 0.454161 -0.494412
0.411225 0.617225 0.475558 -0.473867
0.390546 0.630512 0.496027 -0.452396
0.369439 0.643107 0.515528 -0.430042
0.347926 0.654996 0.534022 -0.406849
0.326030 0.666165 0.551473 -0.382861
0.303777 0.676603 0.567848 -0.358125
0.281190 0.686297 0.583114 -0.332691
0.258294 0.695238 0.597242 -0.306607
0.235115 0.703415 0.610203 -0.279924
0.211677 0.710820 0.621973 -0.252694
0.188007 0.717444 0.632529 -0.224972
0.164130 0.723280 0.641850 -0.196810
0.140073 0.728321 0.649917 -0.168264
0.115862 0.732563 0.656716 -0.139389
0.091524 0.735999 0.662233 -0.110242
0.067085 0.738628 0.666456 -0.080880
0.042573 0.740445 0.669378 -0.051360
0.018014 0.741450 0.670994 -0.021740
-0.006565 0.741639 0.671299 0.007923
-0.031137 0.741014 0.670294 0.037570
-0.055674 0.739576 0.667980 0.067144
-0.080150 0.737325 0.664361 0.096587
-0.104539 0.734264 0.659446 0.125841
-0.128812 0.730397 0.653243 0.154850
-0.152944 0.725727 0.645765 0.183556
-0.176908 0.720261 0.637026 0.211904
-0.200678 0.714003 0.627043 0.239838
-0.224227 0.706961 0.615836 0.267304
-0.247530 0.699143 0.603426 0.294248
-0.270561 0.690557 0.589839 0.320617
-0.293295 0.681212 0.575099 0.346361
-0.315707 0.671119 0.559237 0.371428
-0.337772 0.660289 0.542283 0.395770
-0.359466 0.648734 0.524271 0.419339
-0.380765 0.636466 0.505234 0.442090
-0.401646 0.623500 0.485211 0.463977
-0.422086 0.609848 0.464241 0.484959
-0.442063 0.595527 0.442365 0.504994
-0.461554 0.580552 0.419625 0.524042
-0.480538 0.564939 0.396065 0.542068
-0.498994 0.548705 0.371732 0.559035
-0.516902 0.531869 0.346674 0.574911
-0.534242 0.514448 0.320938 0.589664
-0.550996 0.496463 0.294576 0.603266
-0.567144 0.477932 0.267639 0.615690
-0.582670 0.458877 0.240179 0.626912
-0.597555 0.439317 0.212251 0.636910
-0.611784 0.419275 0.183908 0.645665
-0.625342 0.398773 0.155205 0.653159
-0.638212 0.377832 0.126200 0.659378
-0.650382 0.356477 0.096949 0.664309
-0.661837 0.334730 0.067508 0.667943
-0.672565 0.312615 0.037935 0.670273
-0.682555 0.290157 0.008288 0.671295
-0.691795 0.267380 -0.021375 0.671005
-0.700275 0.244310 -0.050996 0.669406
-0.707986 0.220971 -0.080517 0.666500
-0.714919 0.197389 -0.109882 0.662292
-0.721067 0.173591 -0.139032 0.656792
-0.726423 0.149602 -0.167910 0.650009
-0.730982 0.125449 -0.196461 0.641957
-0.734737 0.101158 -0.224628 0.632651
-0.737686 0.076756 -0.252356 0.622111
-0.739824 0.052270 -0.279592 0.610355
-0.741150 0.027726 -0.306282 0.597408
-0.741662 0.003152 -0.332373 0.583295
-0.741359 -0.021426 -0.357816 0.568043
-0.740242 -0.045980 -0.382561 0.551682
-0.738312 -0.070484 -0.406558 0.534243
-0.735570 -0.094910 -0.429762 0.515762
-0.732022 -0.119232 -0.452126 0.496273
-0.727669 -0.143423 -0.473608 0.475816
-0.722516 -0.167457 -0.494165 0.454429
-0.716571 -0.191307 -0.513757 0.432156
-0.709838 -0.214946 -0.532346 0.409038
-0.702326 -0.238349 -0.549896 0.385122
-0.694042 -0.261491 -0.566372 0.360454
-0.684996 -0.284346 -0.581743 0.335083
-0.675198 -0.306888 -0.595977 0.309057
-0.664658 -0.329093 -0.609048 0.282428
-0.653388 -0.350936 -0.620930 0.255247
-0.641400 -0.372395 -0.631600 0.227568
-0.628708 -0.393444 -0.641036 0.199444
-0.615326 -0.414061 -0.649221 0.170931
-0.601267 -0.434223 -0.656138 0.142085
-0.586548 -0.453908 -0.661774 0.112961
-0.571185 -0.473095 -0.666118 0.083616
-0.555195 -0.491763 -0.669162 0.054109
-0.538595 -0.509890 -0.670899 0.024495
-0.521403 -0.527457 -0.671326 -0.005166
-0.503639 -0.544444 -0.670442 -0.034817
-0.485321 -0.560834 -0.668250 -0.064400
-0.466471 -0.576608 -0.664753 -0.093858
-0.447108 -0.591749 -0.659957 -0.123132
-0.427254 -0.606239 -0.653874 -0.152166
-0.406931 -0.620064 -0.646513 -0.180903
-0.386161 -0.633208 -0.637891 -0.209286
-0.364966 -0.645656 -0.628023 -0.237261
-0.343371 -0.657395 -0.616928 -0.264773
-0.321399 -0.668412 -0.604630 -0.291767
-0.299074 -0.678695 -0.591151 -0.318192
-0.276420 -0.688232 -0.576517 -0.343996
-0.253463 -0.697014 -0.560758 -0.369128
-0.230227 -0.705030 -0.543904 -0.393540
-0.206738 -0.712272 -0.525988 -0.417183
-0.183023 -0.718731 -0.507046 -0.440011
-0.159106 -0.724401 -0.487113 -0.461981
-0.135015 -0.729276 -0.466229 -0.483048
-0.110775 -0.733349 -0.444435 -0.503173
-0.086414 -0.736617 -0.421773 -0.522315
-0.061957 -0.739076 -0.398288 -0.540437
-0.037433 -0.740723 -0.374025 -0.557504
-0.012868 -0.741557 -0.349032 -0.573482
0.011712 -0.741576 -0.323357 -0.588341
0.036279 -0.740780 -0.297051 -0.602051
0.060806 -0.739172 -0.270165 -0.614586
0.085266 -0.736751 -0.242752 -0.625921
0.109632 -0.733521 -0.214865 -0.636033
0.133878 -0.729485 -0.186558 -0.644904
0.157977 -0.724648 -0.157887 -0.652516
0.181903 -0.719016 -0.128907 -0.658854
0.205628 -0.712593 -0.099676 -0.663905
0.229128 -0.705388 -0.070250 -0.667660
0.252376 -0.697408 -0.040688 -0.670112
0.275347 -0.688662 -0.011045 -0.671255
0.298016 -0.679160 0.018618 -0.671088
0.320357 -0.668912 0.048246 -0.669610
0.342346 -0.657929 0.077779 -0.666825
0.363960 -0.646224 0.107161 -0.662738
0.385174 -0.633809 0.136333 -0.657357
0.405964 -0.620697 0.165239 -0.650693
0.426309 -0.606904 0.193822 -0.642758
0.446185 -0.592445 0.222027 -0.633569
0.465572 -0.577334 0.249799 -0.623142
0.484447 -0.561590 0.277083 -0.611499
0.502790 -0.545229 0.303825 -0.598661
0.520581 -0.528269 0.329975 -0.584655
0.537800 -0.510728 0.355480 -0.569508
0.554428 -0.492627 0.380292 -0.553248
0.570447 -0.473985 0.404360 -0.535908
0.585840 -0.454822 0.427640 -0.517522
0.600590 -0.435159 0.450084 -0.498126
0.614680 -0.415019 0.471650 -0.477757
0.628094 -0.394423 0.492295 -0.456455
0.640819 -0.373394 0.511978 -0.434262
0.652840 -0.351954 0.530662 -0.411221
0.664144 -0.330128 0.548310 -0.387378
0.674719 -0.307939 0.564887 -0.362778
0.684552 -0.285413 0.580362 -0.337469
0.693634 -0.262572 0.594703 -0.311502
0.701953 -0.239444 0.607883 -0.284927
0.709502 -0.216052 0.619877 -0.257795
0.716272 -0.192423 0.630660 -0.230160
0.722255 -0.168583 0.640212 -0.202075
0.727444 -0.144557 0.648513 -0.173596
0.731835 -0.120373 0.655549 -0.144778
0.735422 -0.096056 0.661305 -0.115678
0.738201 -0.071634 0.665769 -0.086351
0.740169 -0.047134 0.668934 -0.056856
0.741324 -0.022581 0.670793 -0.027250
0.741666 0.001996 0.671342 0.002409
0.741192 0.026571 0.670580 0.032063
0.739905 0.051117 0.668509 0.061655
0.737805 0.075606 0.665132 0.091127
0.734894 0.100013 0.660458 0.120421
0.731176 0.124310 0.654493 0.149479
0.726656 0.148470 0.647251 0.178246
0.721337 0.172467 0.638745 0.206664
0.715226 0.196275 0.628992 0.234680
0.708329 0.219867 0.618011 0.262237
0.700655 0.243218 0.605823 0.289281
0.692210 0.266302 0.592452 0.315762
0.683006 0.289093 0.577925 0.341625
0.673051 0.311566 0.562269 0.366822
0.662358 0.333698 0.545516 0.391302
0.650936 0.355463 0.527697 0.415019
0.638800 0.376837 0.508849 0.437925
0.625962 0.397798 0.489006 0.459976
0.612437 0.418321 0.468209 0.481129
0.598239 0.438386 0.446498 0.501343
0.583384 0.457968 0.423915 0.520578
0.567888 0.477048 0.400504 0.538796
0.551769 0.495604 0.376312 0.555963
0.535043 0.513615 0.351384 0.572044
0.517730 0.531063 0.325771 0.587008
0.499848 0.547927 0.299521 0.600826
0.481417 0.564189 0.272687 0.613471
0.462458 0.579832 0.245321 0.624918
0.442990 0.594837 0.217475 0.635146
0.423036 0.609190 0.189205 0.644133
0.402618 0.622873 0.160565 0.651862
0.381757 0.635872 0.131612 0.658319
0.360477 0.648173 0.102402 0.663490
0.338800 0.659762 0.072992 0.667366
0.316752 0.670626 0.043439 0.669939
0.294356 0.680754 0.013802 0.671204
0.271637 0.690134 -0.015862 0.671158
0.248619 0.698756 -0.045495 0.669803
0.225328 0.706611 -0.075040 0.667139
0.201790 0.713689 -0.104438 0.663173
0.178030 0.719984 -0.133632 0.657912
0.154075 0.725488 -0.162565 0.651366
0.129950 0.730195 -0.191181 0.643549
0.105683 0.734100 -0.219423 0.634475
0.081299 0.737199 -0.247237 0.624163
0.056826 0.739488 -0.274569 0.612631
0.032291 0.740965 -0.301364 0.599904
0.007721 0.741628 -0.327571 0.586005
-0.016859 0.741477 -0.353138 0.570963
-0.041419 0.740511 -0.378016 0.554805
-0.065934 0.738732 -0.402156 0.537565
-0.090377 0.736141 -0.425511 0.519274
-0.114720 0.732742 -0.448035 0.499970
-0.138938 0.728538 -0.469684 0.479690
-0.163003 0.723534 -0.490416 0.458473
-0.186888 0.717736 -0.510190 0.436361
-0.210569 0.711149 -0.528969 0.413397
-0.234018 0.703781 -0.546714 0.389626
-0.257210 0.695640 -0.563393 0.365095
-0.280120 0.686735 -0.578971 0.339850
-0.302722 0.677075 -0.593419 0.313942
-0.324992 0.666672 -0.606708 0.287421
-0.346905 0.655537 -0.618813 0.260338
-0.368436 0.643682 -0.629709 0.232748
-0.389563 0.631120 -0.639376 0.204703
-0.410262 0.617865 -0.647795 0.176258
-0.430511 0.603931 -0.654949 0.147470
-0.450286 0.589334 -0.660824 0.118393
-0.469568 0.574089 -0.665409 0.089085
-0.488333 0.558214 -0.668695 0.059603
-0.506562 0.541726 -0.670675 0.030005
-0.524235 0.524643 -0.671346 0.000348
-0.541331 0.506983 -0.670706 -0.029309
-0.557834 0.488767 -0.668756 -0.058909
-0.573723 0.470014 -0.665501 -0.088394
-0.588983 0.450745 -0.660947 -0.117707
-0.603596 0.430981 -0.655102 -0.146790
-0.617545 0.410743 -0.647977 -0.175586
-0.630817 0.390054 -0.639588 -0.204039
-0.643395 0.368937 -0.629950 -0.232094
-0.655267 0.347415 -0.619083 -0.259696
-0.666419 0.325511 -0.607006 -0.286791
-0.676840 0.303249 -0.593744 -0.313326
-0.686516 0.280655 -0.579323 -0.339249
-0.695439 0.257752 -0.563771 -0.364510
-0.703598 0.234566 -0.547118 -0.389059
-0.710985 0.211122 -0.529397 -0.412848
-0.717590 0.187447 -0.510643 -0.435832
-0.723407 0.163566 -0.490891 -0.457964
-0.728430 0.139505 -0.470181 -0.479202
-0.732653 0.115291 -0.448553 -0.499505
-0.736071 0.090950 -0.426049 -0.518833
-0.738680 0.066509 -0.402714 -0.537147
-0.740478 0.041996 -0.378592 -0.554413
-0.741463 0.017436 -0.353731 -0.570596
-0.741634 -0.007143 -0.328179 -0.585665
-0.740990 -0.031714 -0.301987 -0.599591
-0.739532 -0.056251 -0.275205 -0.612346
-0.737262 -0.080725 -0.247885 -0.623906
-0.734182 -0.105111 -0.220082 -0.634247
-0.730296 -0.129382 -0.191849 -0.643350
-0.725608 -0.153510 -0.163241 -0.651197
-0.720123 -0.177470 -0.134315 -0.657773
-0.713846 -0.201234 -0.105126 -0.663064
-0.706786 -0.224778 -0.075732 -0.667061
-0.698950 -0.248075 -0.046191 -0.669755
-0.690346 -0.271100 -0.016559 -0.671142
-0.680983 -0.293826 0.013106 -0.671218
-0.670873 -0.316230 0.042744 -0.669984
-0.660026 -0.338287 0.072299 -0.667441
-0.648454 -0.359972 0.101713 -0.663596
-0.636169 -0.381262 0.130929 -0.658455
-0.623186 -0.402133 0.159889 -0.652028
-0.609519 -0.422562 0.188536 -0.644329
-0.595182 -0.442527 0.216816 -0.635371
-0.580191 -0.462006 0.244672 -0.625173
-0.564564 -0.480978 0.272050 -0.613754
-0.548316 -0.499421 0.298898 -0.601137
-0.531466 -0.517316 0.325162 -0.587346
-0.514032 -0.534643 0.350790 -0.572408
-0.496033 -0.551383 0.375734 -0.556353
-0.477490 -0.567517 0.399945 -0.539212
-0.458422 -0.583027 0.423374 -0.521018
-0.438851 -0.597898 0.445977 -0.501806
-0.418798 -0.612111 0.467710 -0.481615
-0.398285 -0.625652 0.488529 -0.460484
-0.377334 -0.638507 0.508394 -0.438453
-0.355969 -0.650659 0.527266 -0.415566
-0.334213 -0.662098 0.545110 -0.391868
-0.312090 -0.672809 0.561888 -0.367405
-0.289624 -0.682781 0.577570 -0.342225
-0.266840 -0.692003 0.592124 -0.316376
-0.243763 -0.700465 0.605522 -0.289910
-0.220419 -0.708158 0.617738 -0.262878
-0.196832 -0.715073 0.628748 -0.235332
-0.173029 -0.721202 0.638530 -0.207327
-0.149036 -0.726540 0.647066 -0.178917
-0.124879 -0.731079 0.654338 -0.150158
-0.100585 -0.734816 0.660332 -0.121106
-0.076181 -0.737745 0.665037 -0.091817
-0.051693 -0.739865 0.668444 -0.062349
-0.027148 -0.741171 0.670546 -0.032759
-0.002573 -0.741664 0.671339 -0.003106
0.022004 -0.741342 0.670820 0.026554
0.046558 -0.740206 0.668993 0.056162
0.071060 -0.738256 0.665858 0.085660
0.095484 -0.735496 0.661424 0.114991
0.119803 -0.731928 0.655699 0.144098
0.143991 -0.727557 0.648693 0.172923
0.168020 -0.722386 0.640421 0.201411
0.191865 -0.716421 0.630898 0.229505
0.215500 -0.709670 0.620144 0.257151
0.238897 -0.702140 0.608179 0.284296
0.262032 -0.693838 0.595026 0.310885
0.284880 -0.684774 0.580712 0.336867
0.307414 -0.674958 0.565263 0.362191
0.329611 -0.664401 0.548712 0.386808
0.351446 -0.653114 0.531089 0.410670
0.372895 -0.641110 0.512428 0.433731
0.393934 -0.628401 0.492768 0.455944
0.414541 -0.615002 0.472145 0.477267
0.434692 -0.600928 0.450601 0.497659
0.454366 -0.586194 0.428177 0.517078
0.473541 -0.570816 0.404916 0.535488
0.492195 -0.554811 0.380866 0.552853
0.510309 -0.538197 0.356071 0.569138
0.527863 -0.520992 0.330582 0.584312
0.544837 -0.503214 0.304447 0.598346
0.561213 -0.484884 0.277717 0.611211
0.576972 -0.466021 0.250445 0.622882
0.592097 -0.446646 0.222685 0.633338
0.606572 -0.426781 0.194489 0.642557
0.620381 -0.406447 0.165914 0.650521
0.633509 -0.385667 0.137015 0.657215
0.645940 -0.364463 0.107848 0.662627
0.657662 -0.342858 0.078471 0.666744
0.668662 -0.320878 0.048941 0.669560
0.678928 -0.298544 0.019315 0.671068
0.688448 -0.275883 -0.010349 0.671266
0.697211 -0.252919 -0.039992 0.670154
0.705209 -0.229677 -0.069558 0.667733
0.712433 -0.206183 -0.098987 0.664008
0.718874 -0.182462 -0.128223 0.658987
0.724525 -0.158541 -0.157209 0.652679
0.729381 -0.134446 -0.185888 0.645097
0.733435 -0.110203 -0.214204 0.636256
0.736684 -0.085839 -0.242102 0.626172
0.739124 -0.061381 -0.269527 0.614866
0.740752 -0.036855 -0.296426 0.602359
0.741566 -0.012289 -0.322747 0.588676
0.741566 0.012290 -0.348437 0.573844
0.740752 0.036856 -0.373446 0.557892
0.739124 0.061382 -0.397727 0.540850
0.736684 0.085840 -0.421231 0.522752
0.733435 0.110204 -0.443913 0.503634
0.729380 0.134447 -0.465728 0.483532
0.724525 0.158542 -0.486633 0.462486
0.718873 0.182463 -0.506589 0.440537
0.712433 0.206184 -0.525555 0.417728
0.705209 0.229678 -0.543496 0.394104
0.697211 0.252920 -0.560375 0.369710
0.688447 0.275884 -0.576160 0.344594
0.678927 0.298545 -0.590820 0.318806
0.668662 0.320879 -0.604327 0.292395
0.657662 0.342859 -0.616653 0.265413
0.645940 0.364464 -0.627776 0.237913
0.633508 0.385668 -0.637673 0.209948
0.620380 0.406448 -0.646325 0.181573
0.606571 0.426782 -0.653715 0.152844
0.592096 0.446647 -0.659829 0.123817
0.576971 0.466022 -0.664655 0.094548
0.561212 0.484885 -0.668183 0.065094
0.544836 0.503215 -0.670406 0.035513
0.527862 0.520993 -0.671320 0.005863
0.510309 0.538198 -0.670924 -0.023799
0.492194 0.554812 -0.669218 -0.053414
0.478375 0.566771 -0.667102 -0.075369