complicated
0 0 4.845189 -1.553711
0 1 -1.897071 3.994521
0 2 3.501394 4.804799
0 3 6.803805 -4.031177
0 4 -0.953831 8.599718
0 5 7.737911 -2.601464
0 6 -2.110458 3.890852
0 7 0.597761 -5.728925
0 8 5.054042 8.239811
0 9 -6.791334 -5.264914
1 0 8.318423 4.487458
1 1 -0.984249 -8.715042
1 2 4.084504 -8.860824
1 3 2.058124 -7.143548
1 4 2.126564 4.970275
1 5 -3.777032 -3.022870
1 6 2.020986 -8.557371
1 7 -8.823259 -9.363565
1 8 7.947332 -4.749176
1 9 0.500619 -6.307115
2 0 -5.965086 8.745064
2 1 2.438961 -5.918534
2 2 -3.423749 7.539561
2 3 -7.672950 -4.954249
2 4 -8.709427 6.930610
2 5 1.178538 5.823600
2 6 -7.121745 3.496861
2 7 -6.950940 -3.408397
2 8 7.858050 -2.071516
2 9 -7.331725 -3.763818
3 0 4.314111 6.138213
3 1 -2.237885 9.714288
3 2 -7.213984 -0.569903
3 3 -2.660937 7.646666
3 4 -9.975012 -3.667371
3 5 -6.799152 -7.821257
3 6 -6.458883 -1.215246
3 7 -4.140926 1.339402
3 8 3.636294 -4.268273
3 9 8.500172 9.701164
4 0 8.440200 -8.926220
4 1 -7.451053 9.327467
4 2 -1.630677 -6.966041
4 3 0.486965 0.440367
4 4 -9.644661 -7.822806
4 5 -9.547118 -6.127669
4 6 3.518495 -8.418505
4 7 5.811231 -0.274458
4 8 2.206374 -6.588173
4 9 -5.241020 1.892905
5 0 7.745594 -2.324991
5 1 6.007584 -7.289865
5 2 -8.895090 5.958282
5 3 1.607522 0.206584
5 4 -8.935930 6.758026
5 5 -0.338835 -6.033016
5 6 5.200458 -0.555192
5 7 8.365824 6.575687
5 8 5.995241 0.016085
5 9 -9.427489 7.328739
6 0 -7.607934 -7.438089
6 1 -9.005416 -1.447469
6 2 1.311049 -0.459453
6 3 6.851235 -1.439242
6 4 -9.276697 7.648928
6 5 5.087203 7.218888
6 6 -7.037418 3.439863
6 7 1.439214 6.135467
6 8 -5.435528 -3.032446
6 9 -8.599663 -9.489371
7 0 -1.928876 6.321487
7 1 7.139559 -8.886615
7 2 -1.918854 2.962885
7 3 -5.007625 -5.340808
7 4 -0.211305 -8.643268
7 5 2.174771 -0.864177
7 6 -9.295700 -5.468324
7 7 4.101014 -9.073106
7 8 -6.570130 -2.637844
7 9 9.218787 -2.869295
8 0 6.167903 2.838690
8 1 -9.300743 -4.329201
8 2 -6.198906 8.821011
8 3 -9.604116 7.899095
8 4 0.584763 -9.432568
8 5 -7.998777 -5.040632
8 6 -1.737658 -1.112470
8 7 5.232591 2.624991
8 8 6.847313 -2.934476
8 9 5.889009 -3.025141
9 0 6.802130 -9.233229
9 1 8.076038 -9.069568
9 2 9.947733 7.872532
9 3 5.111316 4.466035
9 4 4.032114 -8.906720
9 5 3.764047 -4.601702
9 6 9.479690 1.274736
9 7 -9.473765 8.269822
9 8 3.689027 1.553518
9 9 -5.497361 -9.995211