interesting_5
0 0 2.791791  -2.950850 
0 1 9.869611  4.844128
0 2 2.086545  -1.915346 
0 3 -2.515778  -0.795698
0 4 3.459814  -6.834822 
0 5 -6.015559  -2.039722
0 6 -9.843064  7.695824 
0 7 -1.301179  -9.603149
0 8 2.672426  9.511181  
0 9 -6.328956  -7.966485
1 0 0.815058  -4.328849 
1 1 -0.290573  -9.473793
1 2 2.196230  -5.270614 
1 3 -1.574231  -3.178319
1 4 9.319356  -9.115336 
1 5 -2.041510  3.055021
1 6 -2.669460  -6.756427
1 7 1.602669  4.538198
1 8 -7.203805  -1.294344
1 9 -2.100310  2.650100
2 0 -0.647328  6.034550 
2 1 -5.042861  3.747867
2 2 2.639626  -4.885490 
2 3 7.272000  5.143133
2 4 2.341762  -7.453547 
2 5 -9.631450  -6.152184
2 6 -0.487082  -6.550239
2 7 9.541763  -7.734029
2 8 -0.717691  4.549867 
2 9 -4.353593  -8.142097
3 0 -8.633817  -5.166875
3 1 2.496144  -9.738506
3 2 -1.554936  -1.002070
3 3 -7.582189  -4.240116
3 4 9.285443  0.733155  
3 5 -6.488918  9.371996
3 6 -4.861807  -2.705342
3 7 -8.522552  -3.450155
3 8 -6.759099  -0.362181
3 9 9.608621  -0.750347
4 0 -7.421218  -4.639158
4 1 2.734351  -1.980986
4 2 -9.033577  -7.912040
4 3 -7.535711  3.827568
4 4 -9.273763  -7.464012
4 5 6.279129  3.910190
4 6 3.486459  -9.988578 
4 7 -9.835356  2.771492
4 8 -0.516406  -5.476796
4 9 -9.437694  -8.257660
5 0 3.314171  -6.529399 
5 1 -5.258795  3.789131
5 2 8.969411  -6.526010 
5 3 8.739194  -8.837056
5 4 9.358864  -9.342920 
5 5 -8.654747  2.529654
5 6 -6.351143  5.688032 
5 7 -9.290371  -1.808041
5 8 -2.927579  -7.033728
5 9 1.041587  1.884049
6 0 9.231196  -9.060773 
6 1 -8.423339  -9.536142
6 2 6.550969  -1.418628 
6 3 -7.882529  -5.460866
6 4 0.598770  -8.773855 
6 5 -2.169971  -8.499645
6 6 -4.988337  -3.296157
6 7 4.488944  2.510234
6 8 -9.140825  -6.552156
6 9 -1.197545  -7.291459
7 0 7.277166  6.065219  
7 1 -4.979843  -9.377443
7 2 -9.062391  1.723393 
7 3 -6.553419  -0.949614
7 4 -6.423164  -2.192863
7 5 -6.698600  7.120139
7 6 8.317988  -2.826444 
7 7 -3.774402  -1.774503
7 8 2.413957  3.339665  
7 9 -7.539226  9.165220
8 0 -1.221018  6.222412 
8 1 -4.437440  -0.014377
8 2 -7.476546  -9.637326
8 3 2.461041  0.114361
8 4 8.735171  7.969363  
8 5 0.458327  -8.430416
8 6 -1.104259  -7.085122
8 7 -3.748450  4.892603
8 8 0.765109  -6.302566 
8 9 6.079230  -5.730587
9 0 -1.411414  5.985458 
9 1 7.382652  -3.444518
9 2 2.067488  -0.087832 
9 3 3.502087  -5.026988
9 4 -8.652202  7.966708 
9 5 -1.213913  -3.203459
9 6 -5.197824  -2.262414
9 7 5.475765  9.442405
9 8 -2.615598  -3.443613
9 9 -4.197854  -9.089752