interesting_3
0 0 -3.529319  -5.840687
0 2 -5.017438  1.529616
0 4 0.813702  -5.649347 
0 6 -8.913331  -5.576684
0 8 8.265174  -8.529051 
2 0 -9.428959  4.095269
2 2 0.266663  -8.503811 
2 4 -9.102416  -5.250801
2 6 9.301825  -3.103411 
2 8 1.273012  4.504673
4 0 9.176727  -1.100263 
4 2 -4.355078  9.850358
4 4 3.375454  -7.338168 
4 6 -4.677304  5.850884
4 8 0.453919  3.374598  
6 0 -0.246426  0.888249
6 2 1.722071  -7.298277 
6 4 0.053659  -2.163003
6 6 1.228273  4.197258  
6 8 -3.600711  -3.138550
8 0 -9.481358  9.511357 
8 2 -3.370252  4.729921
8 4 -6.140815  -2.676954
8 6 -3.845788  1.023939
8 8 5.920479  -9.497867
