interesting_4
0 0 -1.372483  -5.411576
0 2 -8.494251  -0.237448
0 4 1.458648  -9.356816 
0 6 -7.472253  -3.374977
0 8 -8.798095  -1.536817
0 10 2.880959  -7.552239
2 0 5.213842  9.634104  
2 2 -1.952278  -0.463829
2 4 -2.280932  -5.104348
2 6 1.117925  -3.592869
2 8 -0.180352  -5.294336
2 10 7.747806  -8.106320
4 0 -8.621670  5.719436 
4 2 3.117388  -6.732934
4 4 9.899774  -3.599045 
4 6 3.399345  7.650476
4 8 9.637333  9.373734  
4 10 2.877956  6.410430
6 0 -1.231304  5.151193 
6 2 8.966407  7.403212
6 4 -1.485948  -1.168142
6 6 -7.025048  -3.394820
6 8 -0.162226  -1.305423
6 10 4.960398  2.020938
8 0 -9.355703  -4.624793
8 2 7.946058  -4.682592
8 4 2.887755  -0.704872 
8 6 5.247914  2.465825
8 8 -5.383826  6.921710 
8 10 1.922615  -8.315015
