interesting_2
0 0 1.092680  1.609801  
0 2 -4.442457  1.562065
0 4 9.310276  -9.916809 
0 6 8.181128  -5.232525
0 8 -5.658343  -9.787264
0 10 -4.989713  -4.944224
2 0 7.981720  -6.608460 
2 2 -2.594808  2.386617
2 4 -5.189628  6.640252 
2 6 -4.080489  7.778512
2 8 -7.426485  -7.251356
2 10 -5.921270  -6.466096
4 0 6.408915  -5.207812 
4 2 1.675021  -3.505232
4 4 -9.034220  8.369648 
4 6 6.424003  -9.330741
4 8 6.898724  2.143633  
4 10 -8.806820  7.749968
6 0 6.756754  -0.234435 
6 2 9.153172  -8.956835
6 4 -6.601955  -0.648699
6 6 4.461275  9.924258
6 8 -0.123056  -8.681718
6 10 5.801778  -8.813896
8 0 -3.798988  -6.980100
8 2 0.420889  6.597741
8 4 -9.886540  7.141485 
8 6 2.001604  9.288251
8 8 4.982076  1.294225  
8 10 -4.032252  2.452472